-5232.32481258  4130.52362031 -1271.82147042	-3.86751677 -3.11440164  5.83931494
-5236.18895611  4127.40660427 -1265.98138088	-3.8608337  -3.11967348  5.84093972
-5240.04641413  4124.28431839 -1260.13967032	-3.85414565 -3.12494137  5.84255703
-5243.89718169  4121.15676662 -1254.29634619	-3.84745265 -3.13020531  5.84416687
-5247.74140834  4118.02382677 -1248.45118079	-3.84075442 -3.13546548  5.8457693 
-5251.57877983  4114.88575491 -1242.60465191	-3.83405152 -3.14072148  5.84736418
-5255.40944602  4111.74242906 -1236.75653189	-3.82734369 -3.14597349  5.84895159
-5259.23340196  4108.59385322 -1230.90682822	-3.82063093 -3.15122152  5.85053152
-5263.05064274  4105.44003138 -1225.05554838	-3.81391325 -3.15646555  5.85210397
-5266.86116345  4102.28096752 -1219.20269985	-3.80719066 -3.16170559  5.85366894
-5270.66495918  4099.11666566 -1213.34829011	-3.80046318 -3.16694161  5.85522641
-5274.46202503  4095.9471298  -1207.49232666	-3.7937308  -3.17217363  5.8567764 
-5278.25250848  4092.77223612 -1201.63458129	-3.78699326 -3.17740183  5.85831896
-5282.03609966  4089.5922441  -1195.77553282	-3.78025113 -3.1826258   5.85985396
-5285.81294633  4086.40703017 -1189.91495311	-3.77350413 -3.18784574  5.86138147
-5289.58304362  4083.21659834 -1184.05284965	-3.76675227 -3.19306163  5.86290148
-5293.34638669  4080.02095266 -1178.18922995	-3.75999556 -3.19827348  5.864414  
-5297.10297068  4076.82009719 -1172.3241015 	-3.75323401 -3.20348127  5.86591901
-5300.85279077  4073.61403598 -1166.45747181	-3.74646763 -3.208685    5.86741652
-5304.59599259  4070.40264379 -1160.58911225	-3.73969615 -3.21388488  5.86890658
-5308.33227012  4067.18618309 -1154.71950253	-3.73292014 -3.21908047  5.87038908
-5312.06176929  4063.96452886 -1148.84841408	-3.72613931 -3.22427198  5.87186406
-5315.78448529  4060.73768519 -1142.97585441	-3.71935369 -3.2294594   5.87333154
-5319.50041334  4057.50565617 -1137.10183104	-3.71256329 -3.23464273  5.8747915 
-5323.20954865  4054.26844589 -1131.22635148	-3.7057681  -3.23982196  5.87624395
-5326.91188644  4051.02605846 -1125.34942325	-3.69896814 -3.24499708  5.87768888
-5330.6075705   4047.77836723 -1119.47081732	-3.69216314 -3.25016829  5.87912635
-5334.2962987   4044.52563763 -1113.59101424	-3.68535367 -3.25533517  5.88055624
-5337.97821511  4041.26774323 -1107.70978505	-3.67853945 -3.26049793  5.88197861
-5341.65331499  4038.00468816 -1101.82713726	-3.67172049 -3.26565655  5.88339345
-5345.32159361  4034.73647657 -1095.94307841	-3.66489681 -3.27081104  5.88480077
-5348.98304624  4031.46311259 -1090.05761602	-3.65806841 -3.27596137  5.88620056
-5352.63766817  4028.18460037 -1084.17075762	-3.6512353  -3.28110755  5.88759281
-5356.2854547   4024.90094408 -1078.28251075	-3.64439748 -3.28624957  5.88897754
-5359.92654748  4021.61201545 -1072.39264595	-3.6375547  -3.29138763  5.89035479
-5363.56064884  4018.31808329 -1066.50164467	-3.63070751 -3.29652131  5.89172444
-5367.18790073  4015.01901957 -1060.60927752	-3.62385564 -3.3016508   5.89308656
-5370.80829848  4011.71482847 -1054.71555204	-3.61699911 -3.30677611  5.89444113
-5374.42183742  4008.40551418 -1048.82047577	-3.61013792 -3.31189723  5.89578817
-5378.02851291  4005.09108089 -1042.92405625	-3.60327208 -3.31701414  5.89712766
-5381.6283203   4001.77153282 -1037.02630102	-3.5964016  -3.32212685  5.89845961
-5385.22139937  3998.4467403  -1031.12698027	-3.58952622 -3.32723555  5.89978406
-5388.80745639  3995.11697508 -1025.22657622	-3.58264648 -3.33233982  5.90110091
-5392.38663142  3991.78210773 -1019.32485911	-3.57576214 -3.33743986  5.90241021
-5395.95891986  3988.44214247 -1013.42183648	-3.56887319 -3.34253568  5.90371196
-5399.52431711  3985.09708354 -1007.5175159 	-3.56197964 -3.34762725  5.90500616
-5403.08281857  3981.74693518 -1001.61190492	-3.5550815  -3.35271457  5.90629279
-5406.63441967  3978.39170165  -995.7050111 	-3.54817879 -3.35779764  5.90757187
-5410.17911582  3975.0313872   -989.79684198	-3.5412715  -3.36287645  5.9088434 
-5413.71704467  3971.66586059  -983.88716736	-3.53435938 -3.3679512   5.91010741
-5417.24791698  3968.29539689  -977.9764703 	-3.52744298 -3.37302147  5.9113638 
-5420.77187068  3964.91986508  -972.06452065	-3.52052204 -3.37808746  5.91261264
-5424.28890123  3961.53926945  -966.15132595	-3.51359657 -3.38314917  5.9138539 
-5427.79900409  3958.15361428  -960.23689379	-3.50666657 -3.38820658  5.9150876 
-5431.30217476  3954.76290387  -954.32123172	-3.49973205 -3.39325969  5.91631373
-5434.79840871  3951.36714252  -948.40434733	-3.49279302 -3.3983085   5.91753229
-5438.28784169  3947.96619762  -942.48601005	-3.48584922 -3.40335319  5.91874333
-5441.77018844  3944.56034712  -936.56670366	-3.4789012  -3.40839337  5.91994674
-5445.24558498  3941.14945864  -930.64619766	-3.47194871 -3.41342922  5.92114257
-5448.71402685  3937.73353649  -924.72449963	-3.46499174 -3.41846073  5.92233083
-5452.17550958  3934.31258502  -918.80161715	-3.4580303  -3.42348791  5.92351151
-5455.63002871  3930.88660856  -912.87755779	-3.45106442 -3.42851074  5.9246846 
-5459.07757978  3927.45561147  -906.95232914	-3.44409408 -3.43352923  5.92585012
-5462.51815837  3924.01959809  -901.02593878	-3.43711931 -3.43854335  5.92700805
-5465.95189803  3920.57843425  -895.09815579	-3.43013983 -3.44355331  5.92815844
-5469.37851805  3917.13240119  -889.16946472	-3.42315622 -3.4485587   5.9293012 
-5472.79815231  3913.68136496  -883.2396347 	-3.41616819 -3.45355971  5.93043637
-5476.2107964   3910.22532993  -877.30867332	-3.40917576 -3.45855633  5.93156394
-5479.61644592  3906.76430049  -871.37658817	-3.40217894 -3.46354857  5.93268393
-5483.01509649  3903.29828104  -865.44338684	-3.39517773 -3.46853641  5.93379632
-5486.40674373  3899.82727596  -859.50907693	-3.38817215 -3.47351984  5.93490112
-5489.7915193   3896.35114973  -853.57342721	-3.38116193 -3.47849907  5.93599837
-5493.16914648  3892.87018644  -847.63692287	-3.37414763 -3.48347368  5.93708797
-5496.53975725  3889.38425078  -841.69933275	-3.36712898 -3.48844387  5.93816997
-5499.90334726  3885.89334717  -835.76066444	-3.36010599 -3.49340962  5.93924438
-5503.25991218  3882.39748003  -829.82092553	-3.35307867 -3.49837095  5.94031118
-5506.60944768  3878.89665382  -823.88012364	-3.34604704 -3.50332783  5.94137038
-5509.95194944  3875.39087297  -817.93826636	-3.33901109 -3.50828026  5.94242197
-5513.28754721  3871.88000059  -811.99512219	-3.33197055 -3.51322843  5.94346599
-5516.61596831  3868.36432362  -806.05117693	-3.32492601 -3.51817195  5.94450237
-5519.93734278  3864.8437054   -800.1061991 	-3.31787718 -3.523111    5.94553114
-5523.25166634  3861.31815039  -794.16019633	-3.31082407 -3.52804557  5.94655229
-5526.55893472  3857.78766306  -788.21317622	-3.3037667  -3.53297566  5.94756584
-5529.85914365  3854.2522479   -782.26514638	-3.29670507 -3.53790127  5.94857177
-5533.15228889  3850.71190939  -776.31611443	-3.28963919 -3.54282238  5.94957008
-5536.43836619  3847.16665205  -770.36608799	-3.28256908 -3.547739    5.95056078
-5539.7175031   3843.61633743  -764.41483521	-3.27549444 -3.5526513   5.9515439 
-5542.98943154  3840.06125571  -758.46284259	-3.26841587 -3.5575589   5.95251937
-5546.25427937  3836.50126867  -752.50987833	-3.26133309 -3.56246198  5.95348721
-5549.51204236  3832.93638084  -746.55595005	-3.2542461  -3.56736053  5.95444743
-5552.76271634  3829.36659674  -740.60106537	-3.24715493 -3.57225455  5.95540002
-5556.00629709  3825.79192091  -734.64523191	-3.24005956 -3.57714403  5.95634499
-5559.24278046  3822.21235788  -728.68845731	-3.23296002 -3.58202897  5.95728234
-5562.47229204  3818.6277679   -722.73050947	-3.22585603 -3.58690956  5.9582121 
-5565.69456782  3815.03844394  -716.77187542	-3.21874816 -3.59178539  5.95913419
-5568.90973373  3811.44424645  -710.8123231 	-3.21163614 -3.59665666  5.96004865
-5572.1177856   3807.84517999  -704.85186015	-3.20451999 -3.60152336  5.96095548
-5575.31871931  3804.24124914  -698.89049419	-3.1973997  -3.60638549  5.96185468
-5578.51253074  3800.63245847  -692.92823286	-3.1902753  -3.61124303  5.96274624
-5581.69921576  3797.01881257  -686.96508379	-3.18314678 -3.61609598  5.96363017
-5584.87877026  3793.40031603  -681.00105462	-3.17601415 -3.62094435  5.96450647
-5588.05131765  3789.77682757  -675.03591298	-3.16887715 -3.6257883   5.96537516
-5591.21659856  3786.14864336  -669.07014649	-3.16173635 -3.63062745  5.96623618
-5594.37473668  3782.51562232  -663.1035228 	-3.15459147 -3.63546199  5.96708956
-5597.52572795  3778.87776906  -657.13604957	-3.14744253 -3.64029191  5.9679353 
-5600.66956831  3775.23508822  -651.16773442	-3.14028952 -3.64511721  5.9687734 
-5603.8062537   3771.58758442  -645.19858501	-3.13313247 -3.64993787  5.96960385
-5606.93578007  3767.93526229  -639.22860898	-3.12597138 -3.65475389  5.97042666
-5610.05826888  3764.27797924  -633.25757372	-3.11880597 -3.65956547  5.97124186
-5613.17346484  3760.6160342   -627.28596735	-3.11163683 -3.6643722   5.97204938
-5616.28148972  3756.94928477  -621.31355729	-3.10446368 -3.66917427  5.97284925
-5619.3823395   3753.27773563  -615.34035118	-3.09728652 -3.67397168  5.97364147
-5622.47601018  3749.60139142  -609.3663567 	-3.09010537 -3.67876442  5.97442605
-5625.56249779  3745.92025683  -603.39158147	-3.08292024 -3.68355248  5.97520297
-5628.64179832  3742.23433654  -597.41603315	-3.07573113 -3.68833586  5.97597224
-5631.71403128  3738.54348663  -591.43947894	-3.06853776 -3.69311475  5.97673389
-5634.7789455   3734.8480088   -585.46240737	-3.06134073 -3.69788875  5.97748785
-5637.83666078  3731.14775932  -579.48458568	-3.05413975 -3.70265805  5.97823416
-5640.88717316  3727.44274292  -573.50602152	-3.04693484 -3.70742264  5.97897282
-5643.93047872  3723.7329643   -567.52672254	-3.03972599 -3.71218252  5.97970381
-5646.96657353  3720.01842818  -561.5466964 	-3.03251322 -3.71693769  5.98042715
-5649.99545367  3716.29913927  -555.56595077	-3.02529655 -3.72168812  5.98114283
-5653.01711525  3712.57510231  -549.58449329	-3.01807597 -3.72643383  5.98185085
-5656.0316755   3708.84617192  -543.60209094	-3.01085121 -3.73117499  5.98255123
-5659.03888796  3705.11265286  -537.61923273	-3.00362285 -3.73591121  5.98324393
-5662.0388702   3701.37439998  -531.63568567	-2.99639063 -3.74064269  5.98392896
-5665.03161833  3697.63141802  -525.65145742	-2.98915453 -3.74536941  5.98460633
-5668.0171285   3693.88371173  -519.66655564	-2.98191459 -3.75009136  5.98527603
-5670.99539686  3690.13128589  -513.680988  	-2.9746708  -3.75480855  5.98593807
-5673.96641957  3686.37414526  -507.69476216	-2.96742317 -3.75952097  5.98659244
-5676.93031189  3682.61214317  -501.70764491	-2.96017142 -3.76422879  5.98723917
-5679.88683152  3678.84558712  -495.72012565	-2.95291615 -3.76893164  5.98787821
-5682.83609402  3675.07433063  -489.73197121	-2.94565706 -3.7736297   5.98850957
-5685.7780956   3671.29837849  -483.74318924	-2.93839418 -3.77832296  5.98913327
-5688.71283247  3667.51773552  -477.75378742	-2.93112751 -3.78301141  5.98974929
-5691.64030082  3663.73240652  -471.76377342	-2.92385706 -3.78769506  5.99035764
-5694.5604969   3659.9423963   -465.77315491	-2.91658283 -3.79237388  5.99095832
-5697.47341693  3656.14770967  -459.78193957	-2.90930485 -3.79704789  5.99155133
-5700.37917391  3652.34819852  -453.78989399	-2.90202281 -3.80171725  5.99213668
-5703.27753029  3648.5441734   -447.79750798	-2.89473733 -3.80638159  5.99271434
-5706.16859937  3644.73548637  -441.80454816	-2.88744811 -3.81104109  5.99328431
-5709.05237744  3640.92214228  -435.81102221	-2.88015517 -3.81569574  5.99384661
-5711.92886076  3637.10414599  -429.8169378 	-2.87285851 -3.82034554  5.99440124
-5714.79804563  3633.28150234  -423.82230262	-2.86555815 -3.82499048  5.99494818
-5717.65992834  3629.45421619  -417.82712435	-2.85825409 -3.82963056  5.99548745
-5720.51461992  3625.62213816  -411.83116941	-2.85094605 -3.83426595  5.99601905
-5723.36188696  3621.78558146  -405.83492796	-2.84363462 -3.83889627  5.99654296
-5726.20184081  3617.94439688  -399.83816645	-2.83631953 -3.84352172  5.99705918
-5729.03447778  3614.09858932  -393.84089257	-2.82900077 -3.84814227  5.99756772
-5731.85979424  3610.24816367  -387.843114  	-2.82167837 -3.85275793  5.99806857
-5734.67778653  3606.39312483  -381.84483842	-2.81435233 -3.85736869  5.99856174
-5737.48845101  3602.53347769  -375.84607352	-2.80702265 -3.86197454  5.99904723
-5740.29178407  3598.66922718  -369.84682698	-2.79968935 -3.86657548  5.99952503
-5743.08789443  3594.80022245  -363.84686509	-2.79235215 -3.87117169  5.99999517
-5745.87655349  3590.92677974  -357.84667831	-2.78501163 -3.87576278  6.00045759
-5748.6578703   3587.04874842  -351.84603296	-2.77766753 -3.88034895  6.00091234
-5751.43184127  3583.16613341  -345.84493671	-2.77031984 -3.88493018  6.00135939
-5754.19846281  3579.27893967  -339.84339727	-2.76296857 -3.88950646  6.00179875
-5756.95773137  3575.38717213  -333.84142231	-2.75561374 -3.8940778   6.00223043
-5759.70964338  3571.49083574  -327.83901952	-2.74825535 -3.89864418  6.00265441
-5762.45430555  3567.58977843  -321.83595508	-2.74089312 -3.90320579  6.00307072
-5765.19149352  3563.68431905  -315.83271971	-2.73352765 -3.90776224  6.00347933
-5767.9213143   3559.77430572  -309.82907958	-2.72615865 -3.91231372  6.00388024
-5770.64376439  3555.85974341  -303.82504239	-2.71878614 -3.91686023  6.00427346
-5773.35884026  3551.9406371   -297.82061584	-2.71141011 -3.92140175  6.00465898
-5776.06653841  3548.01699178  -291.81580761	-2.70403059 -3.92593828  6.00503682
-5778.76685536  3544.08881244  -285.81062541	-2.69664757 -3.93046981  6.00540695
-5781.4598958   3540.15594576  -279.80483529	-2.68926078 -3.93499653  6.00576941
-5784.14543957  3536.21871321  -273.79892819	-2.68187082 -3.93951805  6.00612416
-5786.82359171  3532.27696165  -267.7926702 	-2.67447739 -3.94403457  6.00647121
-5789.49434875  3528.3306961   -261.78606901	-2.66708051 -3.94854606  6.00681057
-5792.15770725  3524.37992159  -255.77913232	-2.65968019 -3.95305253  6.00714223
-5794.81366376  3520.42464314  -249.77186783	-2.65227643 -3.95755396  6.00746619
-5797.46221487  3516.46486579  -243.76428323	-2.64486926 -3.96205036  6.00778245
-5800.10335715  3512.50059457  -237.75638621	-2.63745866 -3.96654172  6.00809102
-5802.73719301  3508.53167476  -231.74794275	-2.63004437 -3.97102821  6.0083919 
-5805.36350712  3504.55843078  -225.739444  	-2.62262698 -3.97550946  6.00868507
-5807.9824022   3500.58070809  -219.73065594	-2.6152062  -3.97998565  6.00897053
-5810.59387487  3496.59851175  -213.72158627	-2.60778205 -3.98445678  6.0092483 
-5813.19792177  3492.61184683  -207.71224268	-2.60035453 -3.98892284  6.00951837
-5815.79453952  3488.6207184   -201.70263288	-2.59292365 -3.99338382  6.00978074
-5818.38372478  3484.62513156  -195.69276457	-2.58548943 -3.99783971  6.0100354 
-5820.96557793  3480.62493035  -189.68240363	-2.57805157 -4.0022907   6.01028238
-5823.53988788  3476.62044174  -183.67204139	-2.57061068 -4.00673641  6.01052164
-5826.10675535  3472.61150999  -177.66144375	-2.56316647 -4.01117702  6.0107532 
-5828.66617701  3468.59814019  -171.6506184 	-2.55571895 -4.01561253  6.01097705
-5831.21814955  3464.58033746  -165.63957305	-2.54826813 -4.02004292  6.01119321
-5833.76266969  3460.5581069   -159.6283154 	-2.54081402 -4.02446819  6.01140166
-5836.29973414  3456.53145365  -153.61685316	-2.53335664 -4.02888834  6.0116024 
-5838.82933963  3452.50038282  -147.60519404	-2.52589598 -4.03330336  6.01179544
-5841.3515842   3448.46473711  -141.59310384	-2.51843176 -4.03771343  6.01198079
-5843.86626166  3444.42484636  -135.58107404	-2.51096458 -4.04211817  6.01215842
-5846.37347038  3440.38055345  -129.56887046	-2.50349417 -4.04651777  6.01232835
-5848.87320713  3436.33186354  -123.55650082	-2.49602052 -4.05091222  6.01249057
-5851.36546868  3432.27878177  -117.54397281	-2.48854365 -4.05530151  6.01264508
-5853.8502518   3428.2213133   -111.53129414	-2.48106356 -4.05968563  6.01279189
-5856.3275533   3424.15946331  -105.51847251	-2.47358028 -4.06406459  6.012931  
-5858.79746918  3420.09307328   -99.50527372	-2.46609349 -4.06843855  6.0130624 
-5861.25979753  3416.02247558   -93.49218931	-2.45860382 -4.07280715  6.01318609
-5863.71463468  3411.94751188   -87.47898506	-2.45111098 -4.07717056  6.01330207
-5866.16197746  3407.86818738   -81.46566869	-2.44361497 -4.08152878  6.01341035
-5868.60182271  3403.78450727   -75.45224789	-2.43611581 -4.08588181  6.01351092
-5871.03416728  3399.69647674   -69.43873039	-2.4286135  -4.09022963  6.01360378
-5873.45900802  3395.60410102   -63.42512388	-2.42110805 -4.09457224  6.01368893
-5875.87643892  3391.50722038   -57.41119413	-2.41359918 -4.09890982  6.01376638
-5878.28626234  3387.40616972   -51.39743273	-2.40608749 -4.10324199  6.01383612
-5880.68857257  3383.30078949   -45.38360546	-2.39857269 -4.10756895  6.01389815
-5883.0833665   3379.19108495   -39.36972001	-2.39105479 -4.11189067  6.01395247
-5885.47064105  3375.07706131   -33.3557841 	-2.3835338  -4.11620715  6.01399908
-5887.85039313  3370.95872383   -27.34180544	-2.37600974 -4.12051839  6.01403798
-5890.22261967  3366.83607774   -21.32779173	-2.36848261 -4.12482438  6.01406918
-5892.5873176   3362.7091283    -15.31375068	-2.36095241 -4.12912512  6.01409266
-5894.94457856  3358.57771445    -9.29944804	-2.35341887 -4.13342078  6.01410844
-5.89729421e+03  3.35444217e+03 -3.28537544e+00	-2.34588258 -4.13771099  6.01411651
-5.89963630e+03  3.35030235e+03  2.72870137e+00	-2.33834327 -4.14199593  6.01411687
-5901.97085608  3346.15823538     8.74277467	-2.33080093 -4.1462756   6.01410952
-5904.29786505  3342.00984795    14.75683677	-2.32325559 -4.15054999  6.01409446
-5906.61732722  3337.8571888     20.77087996	-2.31570724 -4.15481909  6.01407169
-5908.92923961  3333.7002632     26.78489651	-2.3081559  -4.1590829   6.01404121
-5911.23369179  3329.53890895    32.7991207 	-2.30060128 -4.16334158  6.01400302
-5913.53049535  3325.37346619    38.81306087	-2.29304398 -4.16759478  6.01395712
-5915.81974019  3321.20377289    44.82695129	-2.28548373 -4.17184268  6.01390351
-5918.10142335  3317.02983437    50.84078425	-2.27792052 -4.17608526  6.0138422 
-5920.37554189  3312.85165594    56.85455203	-2.27035437 -4.18032252  6.01377317
-5922.64209287  3308.66924292    62.86824693	-2.26278528 -4.18455445  6.01369644
-5924.90107335  3304.48260064    68.88186124	-2.25521327 -4.18878106  6.01361199
-5927.15248043  3300.29173444    74.89538724	-2.24763835 -4.19300232  6.01351984
-5929.3964013   3296.09648078    80.90905918	-2.24006021 -4.19721842  6.01341997
-5931.63265253  3291.89718259    86.92238545	-2.23247949 -4.201429    6.0133124 
-5933.86132165  3287.69367651    92.9356003 	-2.22489588 -4.20563422  6.01319712
-5936.08240578  3283.48596789    98.94869601	-2.2173094  -4.20983408  6.01307413
-5938.29590205  3279.2740621    104.96166487	-2.20972005 -4.21402859  6.01294343
-5940.5018076   3275.05796451   110.97449918	-2.20212785 -4.21821772  6.01280502
-5942.70011958  3270.83768048   116.98719122	-2.1945328  -4.22240147  6.01265891
-5944.89092313  3266.61304535   122.99997519	-2.1869346  -4.22658002  6.01250507
-5947.07403914  3262.38440443   129.01235958	-2.17933389 -4.23075301  6.01234354
-5949.24955309  3258.15159322   135.02457857	-2.17173036 -4.23492061  6.0121743 
-5951.41746216  3253.91461713   141.03662447	-2.16412403 -4.23908281  6.01199735
-5953.57776355  3249.67348154   147.04848956	-2.15651489 -4.24323961  6.01181269
-5955.73045447  3245.42819187   153.06016614	-2.14890297 -4.24739101  6.01162033
-5957.87553213  3241.17875352   159.0716465 	-2.14128827 -4.25153699  6.01142025
-5960.01299377  3236.92517191   165.08292294	-2.1336708  -4.25567755  6.01121247
-5962.14292215  3232.66728107   171.09422957	-2.12605027 -4.25981285  6.01099698
-5964.26514315  3228.40542904   177.10507502	-2.1184273  -4.26394256  6.01077378
-5966.37973986  3224.13945003   183.11569342	-2.11080159 -4.26806684  6.01054288
-5968.48670955  3219.86934947   189.12607706	-2.10317315 -4.27218568  6.01030427
-5970.58604949  3215.59513281   195.13621824	-2.09554199 -4.27629907  6.01005796
-5972.67775697  3211.3168055    201.14610925	-2.08790812 -4.28040701  6.00980394
-5974.7618293   3207.03437298   207.15574238	-2.08027155 -4.28450949  6.00954221
-5976.83834715  3202.74766817   213.16535171	-2.07263199 -4.28860668  6.00927277
-5978.90714076  3198.45704147   219.17444598	-2.06499005 -4.29269824  6.00899563
-5980.96829116  3194.16232595   225.18325925	-2.05734544 -4.29678433  6.00871079
-5983.02179568  3189.86352709   231.19178383	-2.04969818 -4.30086494  6.00841824
-5985.06765166  3185.56065037   237.20001201	-2.04204826 -4.30494007  6.00811799
-5987.10585645  3181.25370128   243.20793608	-2.0343957  -4.30900971  6.00781004
-5989.13640743  3176.94268531   249.21554835	-2.02674051 -4.31307385  6.00749438
-5991.1593832   3172.62743426   255.2230828 	-2.0190824  -4.31713267  6.00717101
-5993.17461837  3168.30830085   261.23004834	-2.01142198 -4.32118581  6.00683994
-5995.18219187  3163.98511705   267.23667896	-2.00375896 -4.32523345  6.00650118
-5997.18210111  3159.65788839   273.24296696	-1.99609334 -4.32927557  6.00615471
-5999.1743435   3155.32662037   279.24890464	-1.98842515 -4.33331218  6.00580054
-6001.15891647  3150.99131852   285.2544843 	-1.98075438 -4.33734326  6.00543867
-6003.13581744  3146.65198837   291.25969824	-1.97308106 -4.34136881  6.00506909
-6005.10504387  3142.30863544   297.26453876	-1.96540518 -4.34538883  6.00469182
-6007.06667197  3137.96109028   303.26923972	-1.95772645 -4.34940346  6.00430683
-6009.02054136  3133.60970826   309.27331028	-1.9500455  -4.35341239  6.00391416
-6010.96672859  3129.2543201    315.27698431	-1.94236202 -4.35741578  6.00351379
-6012.90523115  3124.89493134   321.28025412	-1.93467603 -4.3614136   6.00310572
-6014.83604652  3120.53154754   327.28311201	-1.92698754 -4.36540587  6.00268995
-6016.75917221  3116.16417427   333.28555028	-1.91929656 -4.36939256  6.00226648
-6018.67460573  3111.7928171    339.28756124	-1.9116031  -4.37337369  6.00183532
-6020.58242121  3107.41730549   345.28937864	-1.90390685 -4.3773494   6.00139644
-6022.48246265  3103.03799708   351.29051186	-1.89620845 -4.38131937  6.00094988
-6024.37480453  3098.6547215    357.29119468	-1.88850759 -4.38528376  6.00049563
-6026.25944438  3094.26748435   363.29141939	-1.8808043  -4.38924255  6.00003368
-6028.13637978  3089.87629121   369.29117831	-1.87309857 -4.39319574  5.99956403
-6030.00560828  3085.48114769   375.29046374	-1.86539041 -4.39714333  5.9990867 
-6031.86712748  3081.08205938   381.28926798	-1.85767984 -4.40108532  5.99860166
-6033.72093497  3076.67903191   387.28758335	-1.84996687 -4.40502169  5.99810894
-6035.56710246  3072.2718935    393.28564345	-1.8422512  -4.40895261  5.9976085 
-6037.40547902  3067.86100438   399.28295797	-1.83453345 -4.41287774  5.9971004 
-6039.2361367   3063.44619294   405.27976054	-1.82681333 -4.41679725  5.9965846 
-6041.05907312  3059.02746483   411.27604346	-1.81909084 -4.42071112  5.9960611 
-6042.87428594  3054.60482567   417.27179905	-1.811366   -4.42461936  5.99552992
-6044.6817728   3050.17828111   423.26701961	-1.80363882 -4.42852195  5.99499105
-6046.48153136  3045.74783679   429.26169746	-1.7959093  -4.43241889  5.9944445 
-6048.27363125  3041.31331987   435.25606606	-1.78817715 -4.43631034  5.99389023
-6050.05792593  3036.87509283   441.24963539	-1.78044299 -4.44019598  5.99332829
-6051.83448535  3032.43298299   447.24263895	-1.77270653 -4.44407595  5.99275867
-6053.60330722  3027.98699603   453.23506905	-1.76496777 -4.44795025  5.99218136
-6055.36438925  3023.5371376    459.226918  	-1.75722673 -4.45181888  5.99159637
-6057.11772915  3019.0834134    465.21817812	-1.74948342 -4.45568183  5.99100369
-6058.86332466  3014.62582909   471.20884171	-1.74173784 -4.4595391   5.99040333
-6060.60124328  3010.16421079   477.1991421 	-1.7339897  -4.46339084  5.98979526
-6062.33134293  3005.69892319   483.18858958	-1.72623962 -4.46723673  5.98917953
-6064.05369143  3001.22979256   489.1774175 	-1.71848731 -4.47107692  5.98855613
-6065.76828656  2996.7568246    495.16561818	-1.71073277 -4.4749114   5.98792504
-6067.4751261   2992.28002501   501.15318392	-1.70297602 -4.47874018  5.98728626
-6069.17420785  2987.79939951   507.14010706	-1.69521706 -4.48256325  5.98663981
-6070.86552958  2983.31495381   513.1263799 	-1.68745591 -4.4863806   5.98598569
-6072.54908913  2978.82669364   519.11199479	-1.67969257 -4.49019222  5.98532388
-6074.22495158  2974.3344439    525.09718481	-1.67192675 -4.49399827  5.98465437
-6075.89297991  2969.8385718    531.0814607 	-1.66415908 -4.49779843  5.98397721
-6077.55323953  2965.33890241   537.06505559	-1.65638924 -4.50159286  5.98329237
-6079.20572831  2960.83544147   543.04796182	-1.64861727 -4.50538154  5.98259986
-6080.8504441   2956.32819474   549.03017169	-1.64084316 -4.50916448  5.98189968
-6082.48738476  2951.81716795   555.01167755	-1.63306692 -4.51294166  5.98119182
-6084.11654819  2947.30236686   560.99247172	-1.62528857 -4.51671309  5.98047629
-6085.73799735  2942.78361537   566.97278711	-1.61750781 -4.52047891  5.97975306
-6087.35159967  2938.26128283   572.95213486	-1.60972526 -4.5242388   5.97902219
-6088.95741844  2933.73519328   578.93074789	-1.60194062 -4.52799293  5.97828364
-6090.5554516   2929.2053525    584.90861856	-1.59415391 -4.53174127  5.97753744
-6092.14569707  2924.67176628   590.88573918	-1.58636514 -4.53548384  5.97678356
-6093.72815279  2920.13444039   596.8621021 	-1.57857431 -4.53922062  5.97602201
-6095.30281671  2915.59338063   602.83769964	-1.57078144 -4.54295161  5.9752528 
-6096.86968679  2911.04859279   608.81252415	-1.56298653 -4.5466768   5.97447593
-6098.42882358  2906.49989958   614.78680828	-1.55518928 -4.55039634  5.97369136
-6099.98009959  2901.94767283   620.76006368	-1.54739033 -4.55410992  5.97289916
-6101.52357571  2897.3917354    626.73252305	-1.53958938 -4.55781769  5.97209929
-6103.05924993  2892.83209312   632.70417873	-1.53178643 -4.56151965  5.97129177
-6104.58712026  2888.2687518    638.67502306	-1.5239815  -4.56521579  5.97047658
-6106.10718472  2883.70171726   644.64504837	-1.51617459 -4.5689061   5.96965374
-6107.61944135  2879.13099533   650.61424702	-1.50836572 -4.57259058  5.96882324
-6109.12394855  2874.55640773   656.58285144	-1.50055458 -4.57626938  5.96798504
-6110.62058332  2869.97832838   662.55037374	-1.49274181 -4.57994219  5.96713923
-6112.1094044   2865.39657915   668.5170464 	-1.48492711 -4.58360915  5.96628576
-6113.59040988  2860.81116589   674.48286177	-1.47711048 -4.58727026  5.96542463
-6115.06359781  2856.22209445   680.44781218	-1.46929193 -4.59092552  5.96455586
-6116.52896631  2851.62937069   686.41189   	-1.46147149 -4.59457492  5.96367943
-6117.98651346  2847.03300046   692.37508757	-1.45364914 -4.59821846  5.96279535
-6119.43623737  2842.43298964   698.33739724	-1.44582492 -4.60185613  5.96190362
-6120.87819404  2837.8291588    704.29905119	-1.4379985  -4.60548807  5.96100421
-6122.31226555  2833.22188426   710.25956207	-1.43017054 -4.60911399  5.96009718
-6123.73850822  2828.61098675   716.21916211	-1.42234072 -4.61273403  5.95918251
-6125.15692021  2823.99647215   722.17784366	-1.41450906 -4.61634818  5.95826019
-6126.56749966  2819.37834635   728.13559908	-1.40667556 -4.61995644  5.95733023
-6127.97024477  2814.75661526   734.09242072	-1.39884024 -4.6235588   5.95639263
-6129.36515369  2810.13128475   740.04830093	-1.39100311 -4.62715526  5.95544739
-6130.75228029  2805.50217444   746.00347166	-1.38316386 -4.63074596  5.95449446
-6132.13151113  2800.8696627    751.95744608	-1.37532313 -4.63433061  5.95353394
-6133.50290041  2796.23356927   757.91045615	-1.36748061 -4.63790934  5.95256578
-6134.86644634  2791.59390009   763.86249425	-1.35963632 -4.64148215  5.95158998
-6136.22214714  2786.95066106   769.81355274	-1.35179027 -4.64504904  5.95060654
-6137.57000108  2782.30385812   775.76362398	-1.34394247 -4.64860999  5.94961547
-6138.91000639  2777.65349719   781.71270034	-1.33609292 -4.65216502  5.94861677
-6140.24221478  2772.9993969    787.66101347	-1.32824133 -4.65571425  5.94761039
-6141.56651732  2768.34193768   793.60807712	-1.32038833 -4.65925739  5.94659643
-6142.88296606  2763.6809383    799.554123  	-1.31253361 -4.66279459  5.94557483
-6144.19155928  2759.0164047    805.49914348	-1.30467719 -4.66632583  5.94454561
-6145.49229528  2754.34834284   811.44313092	-1.29681908 -4.66985112  5.94350876
-6146.78517239  2749.67675868   817.3860777 	-1.28895929 -4.67337044  5.94246428
-6148.07018892  2745.00165819   823.3279762 	-1.28109782 -4.67688381  5.94141218
-6149.3473432   2740.32304733   829.26881879	-1.2732347  -4.6803912   5.94035246
-6150.6166845   2735.64074362   835.20883681	-1.2653696  -4.68389275  5.93928507
-6151.87810901  2730.9551298    841.14754467	-1.25750318 -4.68738819  5.93821011
-6153.13166634  2726.26602355   847.08517377	-1.24963512 -4.69087764  5.93712752
-6154.37735486  2721.57343084   853.02171648	-1.24176545 -4.69436111  5.93603732
-6155.61517294  2716.87735767   858.95716518	-1.23389416 -4.69783858  5.9349395 
-6156.84511899  2712.17781004   864.89151226	-1.22602127 -4.70131005  5.93383407
-6158.06719141  2707.47479393   870.82475011	-1.21814679 -4.70477552  5.93272102
-6159.2814373   2702.76812595   876.75710975	-1.21027042 -4.70823513  5.93160032
-6160.48775738  2698.05819079   882.68810624	-1.20239278 -4.71168858  5.93047205
-6161.6861991   2693.3448052    888.61797066	-1.19451359 -4.71513602  5.92933617
-6162.87676091  2688.62797518   894.54669541	-1.18663285 -4.71857744  5.92819268
-6164.05944125  2683.90770676   900.47427286	-1.17875056 -4.72201284  5.92704158
-6165.23423859  2679.18400597   906.40069543	-1.17086675 -4.7254422   5.92588289
-6166.4011514   2674.45687883   912.3259555 	-1.16298141 -4.72886554  5.92471658
-6167.56017818  2669.72633139   918.25004547	-1.15509457 -4.73228283  5.92354268
-6168.71136357  2664.99217915   924.17319602	-1.1472059  -4.73569422  5.92236113
-6169.85461344  2660.25480908   930.09492294	-1.13931607 -4.73909943  5.92117202
-6170.98997279  2655.51403683   936.01545697	-1.13142475 -4.74249859  5.91997532
-6172.11744014  2650.76986846   941.9347905 	-1.12353197 -4.74589169  5.91877102
-6173.23701402  2646.02231003   947.85291594	-1.11563772 -4.74927873  5.91755913
-6174.34869299  2641.2713676    953.76982569	-1.10774203 -4.7526597   5.91633964
-6175.45247559  2636.51704723   959.68551217	-1.09984489 -4.75603461  5.91511256
-6176.54840432  2631.75916351   965.60020571	-1.09194601 -4.75940358  5.91387785
-6177.63638959  2626.99810535   971.51342282	-1.08404603 -4.76276634  5.91263559
-6178.71647421  2622.23368748   977.42539388	-1.07614464 -4.76612302  5.91138574
-6179.7886568   2617.46591598   983.3361113 	-1.06824185 -4.76947361  5.91012832
-6180.85293596  2612.69479695   989.24556752	-1.06033768 -4.7728181   5.9088633 
-6181.9093103   2607.92033647   995.15375493	-1.05243212 -4.77615651  5.90759071
-6182.95777845  2603.14254064  1001.06066596	-1.0445252  -4.77948882  5.90631053
-6183.99833905  2598.36141557  1006.96629304	-1.03661692 -4.78281502  5.90502278
-6185.03103213  2593.57677479  1012.8708661 	-1.02870697 -4.78613525  5.90372739
-6186.05577326  2588.7890094   1018.77390247	-1.020796   -4.78944923  5.90242448
-6187.07260281  2583.9979331   1024.67563215	-1.01288371 -4.79275709  5.901114  
-6188.08151945  2579.203552    1030.57604757	-1.0049701  -4.79605884  5.89979595
-6189.08252188  2574.40587222  1036.47514115	-0.99705518 -4.79935446  5.89847032
-6190.0756088   2569.60489989  1042.37290533	-0.98913897 -4.80264395  5.89713713
-6191.06077891  2564.80064114  1048.26933253	-0.98122147 -4.80592731  5.89579637
-6192.03807008  2559.99290862  1054.16465235	-0.97330237 -4.80920466  5.89444798
-6193.00740242  2555.18209532  1060.05838286	-0.96538233 -4.81247574  5.89309209
-6193.96881414  2550.36801401  1065.9507537 	-0.95746103 -4.81574067  5.89172864
-6194.92230398  2545.55067086  1071.84175731	-0.94953848 -4.81899946  5.89035762
-6195.86787071  2540.730072    1077.73138614	-0.9416147  -4.82225208  5.88897905
-6196.8055131   2535.90622361  1083.61963261	-0.93368969 -4.82549855  5.88759292
-6197.73522992  2531.07913183  1089.50648919	-0.92576347 -4.82873886  5.88619923
-6198.6570569   2526.24860843  1095.39218507	-0.91783573 -4.83197312  5.88479793
-6199.57091865  2521.41504827  1101.27623911	-0.90990711 -4.83520109  5.88338914
-6200.47685124  2516.57826323  1107.1588806 	-0.9019773  -4.83842288  5.8819728 
-6201.37485348  2511.73825949  1113.04010198	-0.89404632 -4.84163849  5.88054891
-6202.26492422  2506.89504324  1118.9198957 	-0.88611417 -4.84484792  5.87911747
-6203.14706228  2502.04862067  1124.79825422	-0.87818088 -4.84805116  5.87767849
-6204.02126651  2497.19899796  1130.67516999	-0.87024643 -4.8512482   5.87623196
-6204.88753579  2492.34618131  1136.55063547	-0.86231086 -4.85443905  5.8747779 
-6205.74590336  2487.48998148  1142.42487942	-0.85437384 -4.85762383  5.87331623
-6206.59629902  2482.63079541  1148.29742165	-0.84643603 -4.86080227  5.87184709
-6207.43875637  2477.76843402  1154.16849097	-0.83849711 -4.86397451  5.87037041
-6208.2732743   2472.9029035   1160.03807985	-0.8305571  -4.86714053  5.8688862 
-6209.09985174  2468.03421007  1165.90618076	-0.82261601 -4.87030033  5.86739446
-6209.9184876   2463.16235995  1171.77278617	-0.81467385 -4.87345392  5.86589518
-6210.72918081  2458.28735937  1177.63788855	-0.80673062 -4.87660128  5.86438838
-6211.53196246  2453.40901823  1183.50171625	-0.79878603 -4.87974253  5.86287399
-6212.3267669   2448.52773527  1189.36378992	-0.79084071 -4.88287743  5.86135214
-6213.11362556  2443.64332055  1195.22433799	-0.78289436 -4.88600609  5.85982277
-6213.89253741  2438.7557803   1201.08335293	-0.77494699 -4.8891285   5.85828587
-6214.66350142  2433.86512076  1206.94082723	-0.76699861 -4.89224467  5.85674146
-6215.42651661  2428.97134818  1212.79675336	-0.75904923 -4.89535459  5.85518953
-6216.18158196  2424.07446881  1218.65112381	-0.75109885 -4.89845826  5.85363009
-6216.92869651  2419.17448891  1224.50393106	-0.7431475  -4.90155567  5.85206313
-6217.66788884  2414.2712174   1230.355403  	-0.73519486 -4.90464694  5.8504886 
-6218.39909852  2409.36505509  1236.20506128	-0.72724157 -4.90773182  5.84890663
-6219.12235449  2404.45581105  1242.05313383	-0.71928734 -4.91081043  5.84731715
-6219.8376558   2399.54349153  1247.89961316	-0.71133217 -4.91388277  5.84572016
-6220.54500153  2394.62810282  1253.74449175	-0.70337607 -4.91694883  5.84411567
-6221.24439075  2389.70965119  1259.58776212	-0.69541905 -4.92000861  5.84250368
-6221.93582254  2384.78814294  1265.42941675	-0.68746112 -4.9230621   5.84088419
-6222.61932334  2379.86338615  1271.26968309	-0.67950198 -4.92610943  5.83925715
-6223.29483726  2374.93578338  1277.10808371	-0.67154226 -4.92915034  5.83762267
-6223.96239107  2370.00514286  1282.94484611	-0.66358167 -4.93218495  5.8359807 
-6224.62198391  2365.07147088  1288.7799628 	-0.65562021 -4.93521326  5.83433124
-6225.27361491  2360.13477375  1294.61342629	-0.64765789 -4.93823526  5.83267429
-6225.91728321  2355.19505778  1300.44522911	-0.63969473 -4.94125096  5.83100986
-6226.55298799  2350.25232927  1306.27536375	-0.63173073 -4.94426034  5.82933794
-6227.18075349  2345.3063955   1312.10405721	-0.62376558 -4.94726352  5.82765847
-6227.80052838  2340.35766076  1317.930833  	-0.61579994 -4.95026027  5.82597159
-6228.41233728  2335.40593244  1323.75591818	-0.60783349 -4.95325069  5.82427724
-6229.01617938  2330.45121687  1329.57930528	-0.59986624 -4.95623478  5.82257541
-6229.61205389  2325.49352038  1335.40098681	-0.59189821 -4.95921253  5.8208661 
-6230.19996003  2320.53284932  1341.22095531	-0.58392941 -4.96218395  5.81914933
-6230.77989703  2315.56921     1347.03920331	-0.57595984 -4.96514903  5.81742508
-6231.35186412  2310.60260879  1352.85572335	-0.56798951 -4.96810777  5.81569337
-6231.9158831   2305.63285202  1358.67074185	-0.56001812 -4.97106027  5.81395413
-6232.47190783  2300.66034592  1364.48378348	-0.55204631 -4.97400631  5.81220749
-6233.01996045  2295.68489698  1370.29507475	-0.54407378 -4.97694599  5.81045339
-6233.56004023  2290.70651154  1376.1046082 	-0.53610054 -4.97987931  5.80869184
-6234.09214646  2285.72519596  1381.91237638	-0.5281266  -4.98280626  5.80692283
-6234.61627844  2280.74095662  1387.71837183	-0.52015196 -4.98572685  5.80514637
-6235.1324355   2275.75379989  1393.52258709	-0.51217664 -4.98864107  5.80336245
-6235.64063722  2270.7635313   1399.32524814	-0.50420032 -4.99154903  5.80157102
-6236.14084207  2265.77055877  1405.12588063	-0.49622366 -4.99445049  5.79977221
-6236.63306997  2260.77468797  1410.9247106 	-0.48824635 -4.99734558  5.79796596
-6237.1173203   2255.77592529  1416.72173059	-0.4802684  -5.00023427  5.79615226
-6237.5935924   2250.77427712  1422.51693319	-0.47228982 -5.00311658  5.79433113
-6238.06188566  2245.76974984  1428.31031093	-0.46431062 -5.00599249  5.79250256
-6238.52219946  2240.76234985  1434.1018564 	-0.4563308  -5.00886201  5.79066655
-6238.97453319  2235.75208355  1439.89156215	-0.44835039 -5.01172512  5.78882312
-6239.41890397  2230.73875559  1445.67965359	-0.44036906 -5.01458194  5.78697217
-6239.85527546  2225.72277577  1451.46565755	-0.43238747 -5.01743225  5.78511388
-6240.28366513  2220.70394887  1457.24979951	-0.42440532 -5.02027613  5.78324816
-6240.70407242  2215.68228128  1463.03207204	-0.4164226  -5.02311361  5.78137501
-6241.11649675  2210.65777944  1468.81246773	-0.40843933 -5.02594466  5.77949445
-6241.5209376   2205.63044976  1474.59097915	-0.40045553 -5.02876929  5.77760647
-6241.91739443  2200.60029867  1480.36759889	-0.3924712  -5.03158749  5.77571107
-6242.30588218  2195.56713005  1486.14255183	-0.38448602 -5.03439938  5.77380818
-6242.68636909  2190.53135531  1491.91536589	-0.37650066 -5.03720472  5.77189796
-6243.05887042  2185.49277846  1497.68626603	-0.36851481 -5.04000362  5.76998032
-6243.42338571  2180.45140593  1503.45524484	-0.36052846 -5.04279608  5.76805529
-6243.77991446  2175.40724417  1509.22229492	-0.35254164 -5.04558209  5.76612285
-6244.12845619  2170.36029963  1514.98740886	-0.34455435 -5.04836166  5.764183  
-6244.46901046  2165.31057875  1520.75057927	-0.3365666  -5.05113477  5.76223576
-6244.8015768   2160.25808799  1526.51179875	-0.32857841 -5.05390143  5.76028113
-6245.12616767  2155.20263037  1532.27129158	-0.32058945 -5.05666174  5.75831902
-6245.44275653  2150.14461911  1538.02858694	-0.3126004  -5.05941547  5.75634959
-6245.75135617  2145.08385737  1543.78390919	-0.30461093 -5.06216274  5.75437278
-6246.05196619  2140.02035159  1549.53725095	-0.29662105 -5.06490354  5.75238859
-6246.34458617  2134.95410825  1555.28860482	-0.28863078 -5.06763787  5.75039701
-6246.62921574  2129.88513384  1561.03796343	-0.28064012 -5.07036571  5.74839805
-6246.90585451  2124.81343482  1566.7853194 	-0.27264909 -5.07308708  5.74639171
-6247.17451276  2119.73881347  1572.53089647	-0.26465737 -5.07580207  5.74437791
-6247.43516851  2114.6616846   1578.27422494	-0.25666562 -5.07851046  5.74235682
-6247.68783239  2109.58185058  1584.01552865	-0.24867353 -5.08121237  5.74032836
-6247.93250405  2104.49931791  1589.75480022	-0.2406811  -5.08390777  5.73829253
-6248.16918317  2099.41409308  1595.49203229	-0.23268835 -5.08659668  5.73624934
-6248.39786943  2094.3261826   1601.2272175 	-0.22469529 -5.08927909  5.73419878
-6248.61856253  2089.23559298  1606.96034847	-0.21670192 -5.09195499  5.73214086
-6248.83127055  2084.14212573  1612.6916484 	-0.20870794 -5.09462449  5.7300755 
-6249.0359761   2079.04619723  1618.42064876	-0.200714   -5.09728738  5.72800287
-6249.23268763  2073.9476091   1624.14757282	-0.19271979 -5.09994374  5.72592289
-6249.42140486  2068.84636787  1629.87241323	-0.18472532 -5.10259359  5.72383556
-6249.60212753  2063.74248006  1635.59516265	-0.1767306  -5.10523691  5.72174088
-6249.77485541  2058.6359522   1641.31581372	-0.16873563 -5.10787371  5.71963886
-6249.93958825  2053.52679081  1647.0343591 	-0.16074044 -5.11050398  5.71752949
-6250.09632583  2048.41500242  1652.75079146	-0.15274502 -5.11312771  5.71541279
-6250.24507377  2043.30038775  1658.46533332	-0.14474907 -5.11574502  5.71328866
-6250.38581988  2038.18336487  1664.17751753	-0.13675325 -5.11835568  5.71115728
-6250.51857011  2033.0637346   1669.88756671	-0.12875723 -5.12095979  5.70901858
-6250.64332429  2027.9415035   1675.59547353	-0.12076104 -5.12355736  5.70687254
-6250.76008223  2022.81667811  1681.30123066	-0.11276468 -5.12614838  5.70471919
-6250.86884378  2017.68926499  1687.00483078	-0.10476816 -5.12873285  5.7025585 
-6250.96960878  2012.55927068  1692.70626656	-0.09677149 -5.13131076  5.7003905 
-6251.06238067  2007.42649519  1698.40575995	-0.08877436 -5.13388221  5.6982151 
-6251.14715183  2002.29135808  1704.10284503	-0.08077743 -5.136447    5.69603246
-6251.22392605  1997.15365948  1709.79774383	-0.07278038 -5.13900522  5.69384252
-6251.2927032   1992.01340595  1715.49044903	-0.06478322 -5.14155687  5.69164526
-6251.3534832   1986.87060405  1721.18095334	-0.05678596 -5.14410195  5.6894407 
-6251.40626594  1981.72526037  1726.86924945	-0.04878862 -5.14664045  5.68722884
-6251.45105135  1976.57738149  1732.55533005	-0.04079121 -5.14917237  5.68500968
-6251.48783936  1971.42697398  1738.23918785	-0.03279372 -5.15169771  5.68278322
-6251.5166309   1966.27383706  1743.92104409	-0.02479586 -5.15421656  5.68054937
-6251.5374236   1961.11839196  1749.60043431	-0.01679828 -5.15672873  5.67830832
-6251.55021875  1955.96043799  1755.27757985	-0.00880066 -5.1592343   5.67605999
-6251.55501632  1950.79998176  1760.95247341	-8.03018447e-04 -5.16173327e+00  5.67380437e+00
-6251.55181627  1945.63702986  1766.62510772	 0.00719464 -5.16422565  5.67154146
-6251.54061862  1940.47158889  1772.2954755 	 0.0151923  -5.16671142  5.66927128
-6251.52142335  1935.30366546  1777.96356946	 0.02318995 -5.16919058  5.66699381
-6251.49422923  1930.13305809  1783.62961024	 0.03118791 -5.17166324  5.66470898
-6251.45903846  1924.96018946  1789.29313465	 0.03918553 -5.17412919  5.66241698
-6251.41585014  1919.78485819  1794.95436343	 0.0471831  -5.17658852  5.6601177 
-6251.36466431  1914.6070709   1800.61328931	 0.05518063 -5.17904123  5.65781116
-6251.30548104  1909.42683422  1806.26990502	 0.0631781  -5.18148732  5.65549735
-6251.23830037  1904.24415477  1811.92420331	 0.0711755  -5.18392678  5.65317629
-6251.16312239  1899.05903917  1817.57617691	 0.07917282 -5.18635962  5.65084796
-6251.07994367  1893.8712853   1823.22604583	 0.08717037 -5.18878592  5.64851229
-6250.98877099  1888.6813172   1828.87334821	 0.09516751 -5.19120549  5.64616947
-6250.88960128  1883.48893286  1834.51830415	 0.10316453 -5.19361843  5.64381939
-6250.78243465  1878.29413891  1840.1609064 	 0.11116144 -5.19602472  5.64146208
-6250.66727122  1873.096942    1845.80114772	 0.11915822 -5.19842437  5.63909752
-6250.54411113  1867.89734876  1851.43902087	 0.12715485 -5.20081737  5.63672572
-6250.41295452  1862.69536585  1857.07451862	 0.13515134 -5.20320372  5.63434668
-6250.27380156  1857.49099992  1862.70763372	 0.14314766 -5.20558342  5.63196042
-6250.12664632  1852.28404809  1868.33858544	 0.15114414 -5.20795656  5.62956682
-6249.97150082  1847.07493599  1873.96691347	 0.15914011 -5.21032295  5.6271661 
-6249.80835949  1841.86346084  1879.59283718	 0.16713589 -5.21268267  5.62475815
-6249.63722253  1836.64962931  1885.21634934	 0.17513147 -5.21503572  5.62234299
-6249.45809013  1831.43344806  1890.83744273	 0.18312684 -5.21738211  5.6199206 
-6249.27096253  1826.21492376  1896.45611014	 0.19112198 -5.21972183  5.617491  
-6249.07583995  1820.99406309  1902.07234436	 0.19911689 -5.22205487  5.6150542 
-6248.87271428  1815.77066253  1907.68636399	 0.20711188 -5.22438133  5.61261008
-6248.66160214  1810.54514905  1913.2977101 	 0.21510629 -5.22670101  5.61015886
-6248.44249575  1805.31731923  1918.90660139	 0.22310044 -5.22901401  5.60770044
-6248.21539539  1800.08717975  1924.51303067	 0.23109432 -5.23132033  5.60523481
-6247.98030135  1794.85473732  1930.11699074	 0.23908791 -5.23361995  5.602762  
-6247.7372139   1789.61999861  1935.71847441	 0.24708121 -5.23591289  5.60028199
-6247.48613335  1784.38297032  1941.31747448	 0.25507421 -5.23819912  5.59779479
-6247.22706002  1779.14365914  1946.91398378	 0.26306688 -5.24047866  5.59530041
-6246.9599833   1773.90186086  1952.50822012	 0.27105956 -5.24275159  5.59279874
-6246.68492503  1768.65800393  1958.0997262 	 0.27905157 -5.24501772  5.59029   
-6246.40187496  1763.41188423  1963.68871996	 0.28704324 -5.24727715  5.58777407
-6246.11083344  1758.16350846  1969.27519422	 0.29503456 -5.24952986  5.58525098
-6245.81180084  1752.91288334  1974.85914181	 0.30302551 -5.25177587  5.58272072
-6245.50477752  1747.66001558  1980.44055556	 0.31101608 -5.25401515  5.58018329
-6245.18976387  1742.4049119   1986.01942831	 0.31900626 -5.25624772  5.57763869
-6244.86674712  1737.14736745  1991.59597721	 0.32699637 -5.25847366  5.57508684
-6244.53575366  1731.887812    1997.16974637	 0.33498575 -5.26069278  5.57252793
-6244.19677109  1726.62604079  2002.74095306	 0.34297471 -5.26290517  5.56996187
-6243.84979981  1721.36206056  2008.30959012	 0.35096324 -5.26511083  5.56738865
-6243.49484026  1716.09587805  2013.8756504 	 0.35895133 -5.26730976  5.56480829
-6243.13189289  1710.82749997  2019.43912676	 0.36693898 -5.26950196  5.56222079
-6242.76095814  1705.55693307  2025.00001206	 0.37492616 -5.27168741  5.55962615
-6242.38203649  1700.2841841   2030.55829915	 0.38291288 -5.27386613  5.55702437
-6241.99511268  1695.00904752  2036.11420439	 0.39089944 -5.27603818  5.55441535
-6241.60021833  1689.73195453  2041.66727357	 0.39888518 -5.2782034   5.55179931
-6241.19733852  1684.4526997   2047.21772316	 0.40687043 -5.28036188  5.54917614
-6240.78647377  1679.17128978  2052.76554603	 0.41485517 -5.28251359  5.54654584
-6240.36762459  1673.88773153  2058.31073506	 0.42283938 -5.28465856  5.54390843
-6239.94079151  1668.6020317   2063.85328312	 0.43082306 -5.28679676  5.5412639 
-6239.50597505  1663.31419705  2069.39318311	 0.43880621 -5.2889282   5.53861226
-6239.0631578   1658.02402147  2074.93065064	 0.44678912 -5.29105297  5.5359534 
-6238.61237594  1652.73193739  2080.46523304	 0.45477115 -5.29317088  5.53328754
-6238.15361237  1647.43773879  2085.99714603	 0.4627526  -5.29528202  5.53061458
-6237.68686769  1642.14143244  2091.52638253	 0.47073348 -5.29738639  5.52793452
-6237.21214248  1636.84302512  2097.05293543	 0.47871376 -5.29948398  5.52524736
-6236.72943732  1631.54252359  2102.57679763	 0.48669344 -5.3015748   5.52255311
-6236.23875285  1626.23993464  2108.09796205	 0.4946725  -5.30365884  5.51985177
-6235.74006943  1620.93505158  2113.61664357	 0.50265126 -5.30573617  5.51714324
-6235.23342785  1615.62830806  2119.13239105	 0.51062907 -5.30780664  5.51442773
-6234.71880882  1610.31949746  2124.6454195 	 0.51860623 -5.30987032  5.51170515
-6234.19621299  1605.00862659  2130.15572184	 0.52658274 -5.31192721  5.50897549
-6233.66564104  1599.69570223  2135.66329099	 0.53455858 -5.3139773   5.50623876
-6233.12709362  1594.38073118  2141.16811988	 0.54253375 -5.3160206   5.50349496
-6232.58057143  1589.06372024  2146.67020145	 0.55050824 -5.3180571   5.50074409
-6232.02607514  1583.74467621  2152.16952863	 0.55848202 -5.32008679  5.49798617
-6231.46358266  1578.42339177  2157.66631546	 0.56645543 -5.32210977  5.49522107
-6230.89313998  1573.10030188  2163.16011259	 0.57442779 -5.32412585  5.49244903
-6230.31472534  1567.77519932  2168.65113417	 0.58239943 -5.32613512  5.48966994
-6229.72833946  1562.4480909   2174.13937314	 0.59037034 -5.32813759  5.48688381
-6229.13398311  1557.11898343  2179.62482247	 0.5983405  -5.33013324  5.48409063
-6228.53165701  1551.78788372  2185.10747511	 0.60630989 -5.33212207  5.48129041
-6227.92136195  1546.4547986   2190.58732403	 0.61427853 -5.33410408  5.47848316
-6227.30307365  1541.1195202   2196.06458248	 0.6222467  -5.33607934  5.47566876
-6226.67684265  1535.78248463  2201.53880274	 0.63021377 -5.33804771  5.47284745
-6226.04264502  1530.44348412  2207.01019817	 0.63818004 -5.34000924  5.47001911
-6225.40048157  1525.1025255   2212.47876176	 0.6461455  -5.34196395  5.46718374
-6224.75035311  1519.7596156   2217.94448649	 0.65411014 -5.34391182  5.46434136
-6224.09226047  1514.41476124  2223.40736535	 0.66207396 -5.34585286  5.46149197
-6223.42620448  1509.06796927  2228.86739131	 0.67003693 -5.34778705  5.45863556
-6222.75218598  1503.71924653  2234.32455738	 0.67799905 -5.34971441  5.45577215
-6222.07017824  1498.36838455  2239.77907593	 0.68596064 -5.35163501  5.45290162
-6221.38023698  1493.01582071  2245.23050108	 0.69392104 -5.35354868  5.45002421
-6220.68233581  1487.66134663  2250.67904532	 0.70188055 -5.3554555   5.4471398 
-6219.97647562  1482.30496916  2256.12470167	 0.70983918 -5.35735547  5.44424839
-6219.26265729  1476.94669515  2261.56746313	 0.7177969  -5.35924859  5.44135   
-6218.54088174  1471.58653145  2267.00732271	 0.72575372 -5.36113486  5.43844463
-6217.81114988  1466.22448492  2272.44427344	 0.73370961 -5.36301427  5.43553227
-6217.0734328   1460.86034657  2277.8785269 	 0.74166489 -5.36488689  5.43261282
-6216.32779078  1455.49455488  2283.30963887	 0.74961891 -5.36675257  5.42968651
-6215.57419527  1450.12690095  2288.73782105	 0.75757198 -5.36861139  5.42675323
-6214.81264722  1444.75739163  2294.16306649	 0.76552408 -5.37046335  5.42381299
-6214.04314758  1439.38603381  2299.58536821	 0.77347522 -5.37230843  5.42086578
-6213.26569735  1434.01283434  2305.00471925	 0.78142537 -5.37414664  5.41791162
-6212.48029751  1428.6378001   2310.42111266	 0.78937453 -5.37597798  5.4149505 
-6211.68691697  1423.2607216   2315.83475923	 0.797323   -5.37780251  5.41198231
-6210.88562058  1417.88203838  2321.24521641	 0.80527015 -5.37962009  5.40900729
-6210.07637761  1412.50154102  2326.65269511	 0.81321627 -5.38143079  5.40602533
-6209.25918908  1407.11923642  2332.05718839	 0.82116135 -5.38323461  5.40303644
-6208.43405603  1401.73513144  2337.45868932	 0.82910539 -5.38503154  5.4000406 
-6207.60097951  1396.34923299  2342.85719095	 0.83704838 -5.38682158  5.39703783
-6206.75996057  1390.96154795  2348.25268637	 0.84499031 -5.38860473  5.39402814
-6205.9110003   1385.57208321  2353.64516864	 0.85293115 -5.39038099  5.39101152
-6205.05406512  1380.18062872  2359.03484762	 0.86087124 -5.39215042  5.38798786
-6204.18922509  1374.78762519  2364.42128272	 0.86880991 -5.39391288  5.38495741
-6203.31644698  1369.39286266  2369.80468391	 0.87674747 -5.39566845  5.38192004
-6202.43573191  1363.99634802  2375.1850443 	 0.88468392 -5.39741711  5.37887577
-6201.54708099  1358.59808817  2380.56235697	 0.89261925 -5.39915887  5.37582459
-6200.65049537  1353.19809003  2385.93661503	 0.90055343 -5.40089372  5.37276651
-6199.74597617  1347.7963605   2391.30781156	 0.90848647 -5.40262166  5.36970154
-6198.83348768  1342.39268905  2396.67615561	 0.91641868 -5.40434276  5.36662954
-6197.91310448  1336.9875174   2402.04120831	 0.9243494  -5.40605688  5.36355079
-6196.9847912   1331.58063509  2407.40317882	 0.93227894 -5.40776408  5.36046515
-6196.04854901  1326.17204905  2412.76206026	 0.9402073  -5.40946436  5.35737262
-6195.10437911  1320.76176619  2418.11784575	 0.94813445 -5.41115773  5.35427322
-6194.1522827   1315.34979344  2423.47052841	 0.95606041 -5.41284417  5.35116695
-6193.19226098  1309.93613771  2428.82010138	 0.96398514 -5.41452369  5.34805381
-6192.22431519  1304.52080593  2434.16655779	 0.97190865 -5.41619628  5.34493381
-6191.24840714  1299.10358705  2439.51010569	 0.97983123 -5.41786201  5.34180682
-6190.26461658  1293.6849239   2444.85030827	 0.98775225 -5.41952074  5.33867309
-6189.27290568  1288.26460548  2450.1873737 	 0.99567202 -5.42117253  5.33553252
-6188.27327569  1282.84263875  2455.52129515	 1.00359051 -5.4228174   5.33238509
-6187.2657279   1277.41903062  2460.85206576	 1.01150772 -5.42445532  5.32923083
-6186.25026357  1271.99378805  2466.1796787 	 1.01942365 -5.42608631  5.32606972
-6185.22688401  1266.56691796  2471.50412711	 1.02733828 -5.42771035  5.32290177
-6184.19554887  1261.13820887  2476.82561821	 1.03525192 -5.42932752  5.31972687
-6183.15634245  1255.70810454  2482.14371697	 1.04316391 -5.43093767  5.31654526
-6182.10922473  1250.27639352  2487.45863072	 1.05107458 -5.43254088  5.31335683
-6181.05419706  1244.84308279  2492.77035264	 1.05898391 -5.43413714  5.31016158
-6179.99126078  1239.40817927  2498.07887592	 1.06689189 -5.43572644  5.30695951
-6178.92041724  1233.97168994  2503.38419373	 1.07479851 -5.43730879  5.30375064
-6177.84166781  1228.53362173  2508.68629928	 1.08270376 -5.43888419  5.30053495
-6176.75501387  1223.09398162  2513.98518574	 1.09060763 -5.44045263  5.29731246
-6175.66041259  1217.65255761  2519.28105933	 1.09851043 -5.44201416  5.29408304
-6174.55795346  1212.20979449  2524.57348711	 1.10641151 -5.44356868  5.29084696
-6173.447594    1206.76548035  2529.86267543	 1.11431118 -5.44511623  5.28760408
-6172.32933563  1201.31962214  2535.14861748	 1.12220942 -5.44665681  5.28435442
-6171.20317977  1195.87222685  2540.4313065 	 1.13010624 -5.44819043  5.28109798
-6170.06912785  1190.42330142  2545.71073569	 1.13800161 -5.44971708  5.27783475
-6168.92718134  1184.97285284  2550.98689829	 1.14589553 -5.45123675  5.27456476
-6167.77729525  1179.5206687   2556.25999959	 1.15378831 -5.45274951  5.27128786
-6166.61956359  1174.06719468  2561.52960854	 1.1616793  -5.45425524  5.26800432
-6165.45394172  1168.61221842  2566.79593059	 1.16956881 -5.45575398  5.26471403
-6164.28043114  1163.15574692  2572.05895897	 1.17745682 -5.45724575  5.26141698
-6163.09903333  1157.69778714  2577.31868694	 1.18534333 -5.45873054  5.25811317
-6161.90974981  1152.23834608  2582.57510773	 1.19322833 -5.46020834  5.25480261
-6160.7125821   1146.77743072  2587.82821461	 1.20111181 -5.46167915  5.25148532
-6159.50748307  1141.31482824  2593.07821199	 1.20899407 -5.46314304  5.24816114
-6158.29455125  1135.85098517  2598.32467068	 1.21687447 -5.46459988  5.24483037
-6157.07373984  1130.38568877  2603.56779524	 1.22475332 -5.46604972  5.24149286
-6155.8450504   1124.91894603  2608.80757894	 1.23263061 -5.46749258  5.23814862
-6154.60848451  1119.45076393  2614.04401506	 1.24050632 -5.46892844  5.23479766
-6153.36404375  1113.98114949  2619.27709687	 1.24838045 -5.4703573   5.23143999
-6152.11172969  1108.51010968  2624.50681765	 1.25625298 -5.47177916  5.22807559
-6150.85154394  1103.03765152  2629.7331707 	 1.26412392 -5.47319403  5.22470449
-6149.58343694  1097.56356174  2634.95635937	 1.27199355 -5.47460194  5.22132655
-6148.30751233  1092.08828781  2640.1759567 	 1.27986124 -5.4760028   5.21794204
-6147.02372089  1086.61161654  2645.39216617	 1.2877273  -5.47739665  5.21455083
-6145.73206425  1081.13355493  2650.6049811 	 1.29559172 -5.47878349  5.21115293
-6144.43254407  1075.65410999  2655.8143948 	 1.30345448 -5.48016332  5.20774834
-6143.125162    1070.17328872  2661.02040058	 1.31131558 -5.48153615  5.20433707
-6141.80991972  1064.69109815  2666.22299176	 1.319175   -5.48290195  5.20091912
-6140.4867655   1059.20732463  2671.42237077	 1.32703306 -5.4842608   5.19749435
-6139.15580752  1053.72241644  2676.61811258	 1.3348891  -5.48561258  5.19406305
-6137.81699438  1048.23615997  2681.81041977	 1.34274344 -5.48695734  5.19062509
-6136.47032781  1042.74856227  2686.99928568	 1.35059606 -5.48829507  5.18718046
-6135.11580952  1037.25963035  2692.18470364	 1.35844696 -5.48962579  5.18372918
-6133.75344124  1031.76937123  2697.36666701	 1.36629613 -5.49094948  5.18027124
-6132.38322471  1026.27779194  2702.54516912	 1.37414355 -5.49226615  5.17680665
-6131.00516169  1020.7848995   2707.72020333	 1.38198921 -5.49357579  5.17333542
-6129.61919801  1015.29047986  2712.89197101	 1.38983342 -5.49487846  5.16985741
-6128.22544696  1009.79498216  2718.06004937	 1.39767555 -5.49617404  5.16637291
-6126.82385473  1004.2981924   2723.22463992	 1.40551588 -5.49746259  5.16288177
-6125.4144231    998.80011761  2728.38573604	 1.41335443 -5.4987441   5.15938401
-6123.99715388   993.30076483  2733.54333109	 1.42119116 -5.50001858  5.15587963
-6122.57204887   987.8001411   2738.69741846	 1.42902608 -5.50128602  5.15236862
-6121.1391099    982.29825345  2743.84799153	 1.43685918 -5.50254643  5.14885101
-6119.69828067   976.79488749  2748.99525071	 1.44469075 -5.50379984  5.14532665
-6118.24967896   971.29049307  2754.13877523	 1.45252016 -5.50504617  5.14179582
-6116.79324881   965.78485586  2759.27876562	 1.46034772 -5.50628545  5.13825839
-6115.32899208   960.2779829   2764.41521531	 1.46817341 -5.50751768  5.13471437
-6113.85691064   954.76988124  2769.5481177 	 1.47599722 -5.50874287  5.13116376
-6112.37700637   949.26055793  2774.67746619	 1.48381915 -5.50996101  5.12760657
-6110.88928117   943.75002     2779.80325421	 1.49163918 -5.51117209  5.12404279
-6109.3936766    938.23805274  2784.92568119	 1.49945762 -5.51237618  5.1204723 
-6107.89031492   932.7251067   2790.04432838	 1.50727383 -5.51357317  5.11689537
-6106.37913804   927.21096722  2795.15939538	 1.51508811 -5.5147631   5.11331188
-6104.8601479    921.69564134  2800.27087562	 1.52290046 -5.51594597  5.10972183
-6103.33334642   916.17913612  2805.37876254	 1.53071086 -5.51712179  5.10612522
-6101.79873556   910.66145862  2810.48304959	 1.5385193  -5.51829054  5.10252205
-6100.25631729   905.1426159   2815.5837302 	 1.54632577 -5.51945224  5.09891234
-6098.70609358   899.62261502  2820.68079784	 1.55413027 -5.52060688  5.09529608
-6097.14800356   894.10124089  2825.77445082	 1.5619331  -5.5217545   5.09167314
-6095.5821746    888.57894483  2830.86427276	 1.56973361 -5.522895    5.08804381
-6094.00854617   883.05551181  2835.9504621 	 1.57753212 -5.52402844  5.08440795
-6092.42712029   877.5309489   2841.03301234	 1.58532862 -5.52515481  5.08076556
-6090.83789897   872.00526315  2846.11191694	 1.59312308 -5.52627412  5.07711666
-6089.24088424   866.47846164  2851.18716939	 1.60091551 -5.52738635  5.07346123
-6087.63607816   860.95055144  2856.25876317	 1.60870589 -5.52849151  5.0697993 
-6086.02341773   855.42131715  2861.32689561	 1.61649453 -5.52958964  5.06613071
-6084.40303477   849.89121075  2866.39115239	 1.62428079 -5.53068065  5.06245577
-6082.77486664   844.36001689  2871.45173099	 1.63206497 -5.53176458  5.05877433
-6081.13891542   838.82774263  2876.50862493	 1.63984706 -5.53284144  5.0550864 
-6079.49518319   833.29439507  2881.5618277 	 1.64762706 -5.53391122  5.05139199
-6077.84367207   827.75998128  2886.61133282	 1.65540495 -5.53497391  5.04769108
-6076.18438415   822.22450834  2891.65713382	 1.66318072 -5.53602953  5.04398371
-6074.51732158   816.68798333  2896.69922421	 1.67095437 -5.53707806  5.04026986
-6072.84241892   811.15019053  2901.73780017	 1.67872619 -5.53811955  5.03654939
-6071.1598131   805.6115826  2906.7724498	 1.68649555 -5.53915391  5.0328226 
-6069.46943905   800.07194387  2911.80336943	 1.69426276 -5.54018118  5.02908936
-6067.77129891   794.53128141  2916.83055261	 1.70202779 -5.54120136  5.02534967
-6066.06539487   788.98960233  2921.85399288	 1.70979066 -5.54221446  5.02160352
-6064.3517291    783.4469137   2926.87368379	 1.71755133 -5.54322046  5.01785093
-6062.63030381   777.90322262  2931.8896189 	 1.72530981 -5.54421937  5.0140919 
-6060.90105145   772.35831309  2936.90199337	 1.73306639 -5.54521123  5.01032629
-6059.16411339   766.81263836  2941.91039743	 1.74082045 -5.54619595  5.00655439
-6057.41942243   761.26598246  2946.9150264 	 1.74857227 -5.54717357  5.00277608
-6055.66698081   755.71835249  2951.91587386	 1.75632186 -5.5481441   4.99899134
-6053.90679076   750.16975556  2956.91293338	 1.76406921 -5.54910753  4.99520019
-6052.13885454   744.62019875  2961.90619856	 1.7718143  -5.55006385  4.99140262
-6050.36317441   739.06968918  2966.89566298	 1.77955712 -5.55101308  4.98759865
-6048.57975265   733.51823394  2971.88132025	 1.78729766 -5.5519552   4.98378829
-6046.7885193    727.96561672  2976.86336433	 1.79503623 -5.55289026  4.97997137
-6044.9896208    722.41229142  2981.84138794	 1.80277219 -5.55381817  4.97614821
-6043.18298753   716.85804176  2986.81558522	 1.81050585 -5.55473898  4.97231867
-6041.36862181   711.30287486  2991.78594978	 1.81823719 -5.55565268  4.96848275
-6039.54652596   705.74679782  2996.75247524	 1.8259662  -5.55655927  4.96464045
-6037.7167023    700.18981775  3001.71515523	 1.83369288 -5.55745875  4.96079178
-6035.87915319   694.63194177  3006.67398338	 1.84141721 -5.55835113  4.95693675
-6034.03380657   689.0729533   3011.62915261	 1.84913949 -5.55923642  4.9530752 
-6032.18081329   683.51330678  3016.58025785	 1.8568591  -5.56011457  4.94920745
-6030.32010164   677.95278567  3021.52749217	 1.86457634 -5.5609856   4.94533335
-6028.45167399   672.3913971   3026.47084923	 1.87229118 -5.56184951  4.9414529 
-6026.57553273   666.82914818  3031.41032268	 1.88000363 -5.56270631  4.93756611
-6024.69168027   661.26604603  3036.34590619	 1.88771368 -5.56355599  4.93367299
-6022.80011901   655.70209776  3041.27759342	 1.89542131 -5.56439855  4.92977353
-6020.90077482   650.13708659  3046.20557623	 1.90312682 -5.56523403  4.92586759
-6018.99380293   644.57146742  3051.12945177	 1.91082959 -5.56606235  4.92195549
-6017.07912955   639.0050235   3056.04941206	 1.91852992 -5.56688355  4.91803707
-6015.15675711   633.43776194  3060.96545079	 1.92622779 -5.56769763  4.91411234
-6013.22668809   627.86968988  3065.87756165	 1.93392319 -5.56850458  4.91018131
-6011.28892494   622.30081444  3070.78573834	 1.94161612 -5.56930441  4.90624397
-6009.34347014   616.73114274  3075.68997456	 1.94930657 -5.57009711  4.90230034
-6007.3903262    611.16068192  3080.59026401	 1.95699451 -5.57088268  4.89835042
-6005.42941655   605.58921492  3085.48679733	 1.96468027 -5.57166116  4.89439405
-6003.4609015    600.01719719  3090.37917424	 1.9723632  -5.57243248  4.89043156
-6001.48470482   594.44441171  3095.26758554	 1.98004361 -5.57319666  4.8864628 
-5999.50082905   588.87086562  3100.15202495	 1.98772148 -5.57395372  4.88248777
-5997.50927673   583.29656605  3105.03248621	 1.99539681 -5.57470364  4.87850647
-5995.51005039   577.72152013  3109.90896306	 2.00306958 -5.57544643  4.87451891
-5993.50315261   572.145735    3114.78144923	 2.01073979 -5.57618208  4.8705251 
-5991.48850474   566.56899341  3119.65013427	 2.01840774 -5.57691063  4.86652488
-5989.46627147   560.99175122  3124.51462019	 2.02607279 -5.57763202  4.86251857
-5987.43637449   555.41379123  3129.3750967 	 2.03373525 -5.57834627  4.85850602
-5985.39881639   549.83512056  3134.23155755	 2.04139511 -5.57905338  4.85448724
-5983.35359979   544.25574637  3139.08399652	 2.04905235 -5.57975335  4.85046224
-5981.3007273    538.67567577  3143.93240739	 2.05670698 -5.58044618  4.846431  
-5979.24020154   533.09491593  3148.77678393	 2.06435896 -5.58113187  4.84239355
-5977.17202517   527.51347397  3153.61711992	 2.07200831 -5.58181042  4.83834989
-5975.09611715   521.93113244  3158.45360366	 2.07965531 -5.58248185  4.83429985
-5973.01264717   516.34834766  3163.28583977	 2.08729934 -5.58314612  4.83024378
-5970.92153454   510.7649022   3168.11401673	 2.09494071 -5.58380324  4.8261815 
-5968.82278194   505.18080319  3172.93812833	 2.10257938 -5.58445321  4.82211304
-5966.71639205   499.59605779  3177.75816838	 2.11021537 -5.58509604  4.81803839
-5964.60236757   494.01067314  3182.57413071	 2.11784866 -5.58573173  4.81395755
-5962.4807112    488.42465639  3187.38600912	 2.12547923 -5.58636026  4.80987054
-5960.35133985   482.8377899   3192.1939908 	 2.13310739 -5.58698168  4.80577719
-5958.21442756   477.25053037  3196.99768272	 2.14073251 -5.58759592  4.80167785
-5956.06989157   471.66266017  3201.79727222	 2.14835489 -5.58820301  4.79757234
-5953.91773462   466.07418648  3206.59275314	 2.15597453 -5.58880295  4.79346067
-5951.75795946   460.48511642  3211.38411934	 2.1635914  -5.58939573  4.78934286
-5949.59056886   454.89545717  3216.17136467	 2.1712055  -5.58998137  4.7852189 
-5947.41556559   449.30521586  3220.95448298	 2.17881682 -5.59055985  4.7810888 
-5945.23286448   443.7141747   3225.73366032	 2.18642566 -5.59113121  4.7769524 
-5943.04264393   438.12279073  3230.50850603	 2.19403139 -5.59169538  4.77281003
-5940.84481911   432.53084616  3235.27920632	 2.20163431 -5.5922524   4.76866155
-5938.63939281   426.93834816  3240.04575508	 2.20923442 -5.59280227  4.76450694
-5936.42636787   421.34530389  3244.8081462 	 2.2168317  -5.59334498  4.76034622
-5934.20574712   415.75172049  3249.56637355	 2.22442613 -5.59388053  4.7561794 
-5931.9775334    410.15760512  3254.32043105	 2.23201772 -5.59440892  4.75200647
-5929.74172956   404.56296495  3259.07031258	 2.23960646 -5.59493016  4.74782745
-5927.49824806   398.96758201  3263.81620291	 2.24719263 -5.59544426  4.74364216
-5925.24727229   393.37191368  3268.55771407	 2.25477561 -5.59595117  4.73945096
-5922.98871501   387.77574203  3273.295031  	 2.26235571 -5.59645093  4.73525368
-5920.72257913   382.1790742   3278.02814763	 2.26993292 -5.59694353  4.73105032
-5918.44886754   376.58191737  3282.75705788	 2.27750721 -5.59742896  4.72684089
-5916.16758317   370.9842787   3287.48175568	 2.2850786  -5.59790723  4.7226254 
-5913.87872891   365.38616534  3292.20223497	 2.29264705 -5.59837834  4.71840385
-5911.58221517   359.7873592   3296.91867937	 2.30021287 -5.59884231  4.71417607
-5909.27822968   354.18831795  3301.63070332	 2.30777545 -5.59929909  4.70994242
-5906.96668313   348.58882351  3306.33849061	 2.31533507 -5.5997487   4.70570273
-5904.64757849   342.98888305  3311.0420352 	 2.32289172 -5.60019116  4.70145699
-5902.32091873   337.38850372  3315.74133105	 2.3304454  -5.60062644  4.69720523
-5899.98670682   331.7876927   3320.43637214	 2.3379961  -5.60105456  4.69294744
-5897.64494577   326.18645715  3325.12715245	 2.3455438  -5.60147551  4.68868363
-5895.29563856   320.58480424  3329.81366595	 2.35308849 -5.6018893   4.6844138 
-5892.93869323   314.98251574  3334.49609493	 2.36063048 -5.60229593  4.68013779
-5890.57430244   309.38004959  3339.17405662	 2.36816914 -5.60269538  4.67585595
-5888.20237456   303.77718759  3343.84773348	 2.37570477 -5.60308766  4.67156811
-5885.82291261   298.1739369   3348.51711952	 2.38323736 -5.60347277  4.66727428
-5883.43591965   292.5703047   3353.18220876	 2.39076689 -5.60385072  4.66297446
-5881.04139873   286.96629815  3357.84299519	 2.39829337 -5.60422149  4.65866866
-5878.63935292   281.36192442  3362.49947285	 2.40581677 -5.60458509  4.65435688
-5876.2296882    275.75696518  3367.15182285	 2.41333739 -5.60494153  4.65003896
-5873.81260154   270.1518786   3371.79966487	 2.42085462 -5.60529079  4.64571525
-5871.38799925   264.54644635  3376.44318021	 2.42836875 -5.60563287  4.64138557
-5868.95588443   258.94067562  3381.08236291	 2.43587977 -5.60596778  4.63704994
-5866.51626019   253.33457357  3385.71720703	 2.44338767 -5.60629552  4.63270837
-5864.06912967   247.72814738  3390.34770661	 2.45089244 -5.60661609  4.62836084
-5861.61449599   242.12140422  3394.97385572	 2.45839408 -5.60692948  4.62400739
-5859.1523623    236.51435126  3399.59564842	 2.46589256 -5.60723569  4.619648  
-5856.68263224   230.90677007  3404.21326446	 2.47338819 -5.60753475  4.61528251
-5854.20550769   225.29911904  3408.82632639	 2.48088034 -5.60782661  4.61091127
-5851.72089262   219.69117973  3413.43501413	 2.48836932 -5.60811131  4.60653412
-5849.22879021   214.08295933  3418.03932178	 2.49585512 -5.60838882  4.60215106
-5846.72920365   208.47446501  3422.63924344	 2.50333772 -5.60865916  4.59776209
-5844.22213614   202.86570395  3427.2347732 	 2.51081711 -5.60892233  4.59336723
-5841.7075909    197.25668332  3431.82590516	 2.51829328 -5.60917831  4.58896647
-5839.18546952   191.64718462  3436.41281789	 2.52576653 -5.60942713  4.58455965
-5836.65597817   186.03766638  3440.99513642	 2.53323625 -5.60966876  4.58014713
-5834.11901878   180.42791011  3445.57303951	 2.54070272 -5.60990322  4.57572873
-5831.57459459   174.81792298  3450.14652128	 2.54816594 -5.61013049  4.57130446
-5829.02270886   169.20771217  3454.71557587	 2.55562589 -5.61035059  4.56687433
-5826.46336486   163.59728487  3459.28019741	 2.56308257 -5.61056351  4.56243834
-5823.89656587   157.98664824  3463.84038005	 2.57053596 -5.61076925  4.5579965 
-5821.32221146   152.37558372  3468.39630114	 2.57798637 -5.61096782  4.55354863
-5818.74051206   146.76454999  3472.94758825	 2.58543317 -5.6111592   4.5490951 
-5816.15136756   141.15332847  3477.49441894	 2.59287666 -5.6113434   4.54463573
-5813.55478127   135.54192634  3482.03678735	 2.60031683 -5.61152042  4.54017054
-5810.95075653   129.9303508   3486.57468768	 2.60775367 -5.61169026  4.53569952
-5808.33929667   124.31860901  3491.10811409	 2.61518717 -5.61185293  4.53122268
-5805.72040503   118.70670815  3495.63706077	 2.62261732 -5.61200841  4.52674003
-5803.09408496   113.09465542  3500.16152192	 2.63004411 -5.61215671  4.52225157
-5800.46023373   107.48223219  3504.68167349	 2.63746783 -5.61229783  4.51775714
-5797.81906662   101.86989723  3509.19714598	 2.64488787 -5.61243177  4.51325708
-5795.17048121    96.25743193  3513.70811553	 2.65230453 -5.61255853  4.50875124
-5792.51448089    90.64484347  3518.21457637	 2.65971779 -5.6126781   4.50423962
-5789.85106907    85.03213904  3522.71652271	 2.66712764 -5.6127905   4.49972222
-5787.18024915    79.41932581  3527.21394878	 2.67453407 -5.61289571  4.49519904
-5784.50202455    73.80641097  3531.70684881	 2.68193708 -5.61299374  4.4906701 
-5781.81629051    68.19317587  3536.19539752	 2.68933695 -5.6130846   4.48613522
-5779.12326656    62.58007935  3540.679228  	 2.69673308 -5.61316826  4.48159477
-5776.42284827    56.96690276  3545.15851517	 2.70412576 -5.61324475  4.47704856
-5773.71503907    51.35365328  3549.63325328	 2.71151497 -5.61331405  4.47249662
-5770.99984245    45.74033811  3554.10343659	 2.7189007  -5.61337617  4.46793894
-5768.27726189    40.12696441  3558.56905937	 2.72628296 -5.61343111  4.46337552
-5765.54730086    34.51353938  3563.0301159 	 2.73366172 -5.61347886  4.45880639
-5762.80996286    28.90007019  3567.48660044	 2.74103698 -5.61351944  4.45423153
-5760.06514083    23.28633817  3571.93868631	 2.74840903 -5.61355283  4.44965078
-5757.31305914    17.67280222  3576.38600957	 2.75577726 -5.61357904  4.4450645 
-5754.55361103    12.05924366  3580.82874371	 2.76314196 -5.61359806  4.44047252
-5751.78680004     6.44566967  3585.26688305	 2.77050312 -5.61360991  4.43587485
-5.74901263e+03  8.32087443e-01  3.58970042e+03	 2.77786073 -5.61361457  4.43127148
-5.74623110e+03 -4.78149585e+00  3.59412935e+03	 2.78521478 -5.61361204  4.42666244
-5743.44222527   -10.39507301  3598.5536753 	 2.79256527 -5.61360234  4.42204771
-5740.64588564   -16.00886273  3602.97355627	 2.79991247 -5.61358545  4.41742713
-5737.8423133   -21.6224061  3607.3886361	 2.80725579 -5.61356138  4.41280107
-5735.03139948   -27.2359218   3611.79908706	 2.81459551 -5.61353013  4.40816935
-5732.21314779   -32.84940265  3616.20490349	 2.82193163 -5.61349169  4.40353197
-5729.38756184   -38.46284146  3620.60607974	 2.82926414 -5.61344608  4.39888895
-5726.55464524   -44.07623106  3625.00261016	 2.83659302 -5.61339328  4.39424029
-5723.71440163   -49.68956425  3629.39448912	 2.84391826 -5.61333329  4.38958599
-5720.86671992   -55.3030597   3633.7818874 	 2.85124016 -5.61326613  4.38492587
-5718.01183291   -60.91625855  3638.16444634	 2.85855811 -5.61319178  4.38026031
-5715.14962982   -66.52937945  3642.54233694	 2.8658724  -5.61311025  4.37558914
-5712.28011433   -72.14241522  3646.91555358	 2.87318302 -5.61302154  4.37091236
-5709.40329011   -77.75535868  3651.28409065	 2.88048995 -5.61292565  4.36622997
-5706.51916085   -83.36820265  3655.64794254	 2.8877932  -5.61282258  4.36154198
-5703.62773024   -88.98093995  3660.00710367	 2.89509275 -5.61271232  4.35684839
-5700.72900198   -94.59356339  3664.36156844	 2.90238859 -5.61259489  4.35214922
-5697.82286272  -100.2062916   3668.71150617	 2.909681   -5.61247027  4.34744428
-5694.90955003  -105.81866578  3673.05656128	 2.91696939 -5.61233847  4.34273395
-5691.98895087  -111.43090457  3677.3969033 	 2.92425405 -5.61219949  4.33801806
-5689.06106896  -117.04300078  3681.73252665	 2.93153496 -5.61205333  4.3332966 
-5686.12590808  -122.65494722  3686.06342578	 2.93881212 -5.61189999  4.32856958
-5683.18347197  -128.26673673  3690.38959514	 2.94608551 -5.61173947  4.32383701
-5680.2337644   -133.87836212  3694.71102917	 2.95335512 -5.61157177  4.31909889
-5677.27667004  -139.49004198  3699.02789592	 2.96062125 -5.61139688  4.31435505
-5674.31243062  -145.10131758  3703.33984249	 2.96788329 -5.61121482  4.30960586
-5671.34093111  -150.71240752  3707.64703713	 2.97514153 -5.61102558  4.30485115
-5668.36217531  -156.32330463  3711.94947431	 2.98239595 -5.61082916  4.30009091
-5665.37616705  -161.93400172  3716.24714852	 2.98964656 -5.61062557  4.29532516
-5662.38291015  -167.54449162  3720.54005425	 2.99689333 -5.61041479  4.29055391
-5659.38240843  -173.15476714  3724.82818598	 3.00413627 -5.61019684  4.28577715
-5656.37466576  -178.76482111  3729.11153823	 3.01137536 -5.60997171  4.28099489
-5653.35956452  -184.37487204  3733.39027754	 3.01861088 -5.60973939  4.27620695
-5650.3373512   -189.98446137  3737.66405414	 3.02584224 -5.6094999   4.27141372
-5647.3079085   -195.59380761  3741.93303479	 3.03306973 -5.60925324  4.26661502
-5644.2712403   -201.20290359  3746.19721402	 3.04029333 -5.6089994   4.26181084
-5641.2273505   -206.81174213  3750.45658635	 3.04751304 -5.60873838  4.25700119
-5638.17624299  -212.42031605  3754.71114633	 3.05472884 -5.60847019  4.25218609
-5635.11792169  -218.02861819  3758.9608885 	 3.06194073 -5.60819482  4.24736554
-5632.05226703  -223.63686699  3763.20597809	 3.06914898 -5.60791227  4.24253934
-5628.9795296   -229.24460401  3767.4460681 	 3.07635302 -5.60762255  4.2377079 
-5625.89959017  -234.85204772  3771.68132397	 3.08355311 -5.60732566  4.23287102
-5622.81245266  -240.45919093  3775.91174027	 3.09074926 -5.60702159  4.22802871
-5619.71812104  -246.06602649  3780.13731156	 3.09794144 -5.60671035  4.22318099
-5616.61659927  -251.6725472   3784.35803244	 3.10512965 -5.60639194  4.21832784
-5613.50789133  -257.27874591  3788.5738975 	 3.11231389 -5.60606635  4.21346929
-5610.39200119  -262.88461543  3792.78490132	 3.11949414 -5.60573359  4.20860534
-5607.26880705  -268.49037412  3796.99120763	 3.12667068 -5.60539364  4.20373579
-5604.13856422  -274.09556375  3801.19247259	 3.13384293 -5.60504654  4.19886105
-5601.0011512   -279.70040268  3805.38886014	 3.14101116 -5.60469227  4.19398092
-5597.856572    -285.30488375  3809.58036489	 3.14817537 -5.60433082  4.18909542
-5594.70483067  -290.90899977  3813.76698147	 3.15533554 -5.60396221  4.18420454
-5591.54593123  -296.51274358  3817.94870451	 3.16249168 -5.60358642  4.1793083 
-5588.37987773  -302.11610801  3822.12552865	 3.16964376 -5.60320347  4.1744067 
-5585.20654642  -307.71931132  3826.29761628	 3.17679207 -5.60281333  4.16949955
-5582.02619669  -313.32189547  3830.46462636	 3.18393602 -5.60241604  4.16458725
-5578.83870511  -318.92407874  3834.62672149	 3.19107589 -5.60201158  4.15966961
-5575.64407575  -324.52585396  3838.78389633	 3.19821168 -5.60159995  4.15474664
-5572.4423127   -330.12721396  3842.93614555	 3.20534336 -5.60118116  4.14981833
-5569.23342006  -335.72815157  3847.08346383	 3.21247094 -5.6007552   4.14488471
-5566.01740196  -341.32865963  3851.22584585	 3.21959441 -5.60032208  4.13994578
-5562.79413268  -346.92895628  3855.36345267	 3.22671403 -5.59988177  4.13500133
-5559.56387571  -352.52858372  3859.49594605	 3.23382924 -5.59943432  4.13005179
-5556.32650565  -358.12776013  3863.62348725	 3.2409403  -5.5989797   4.12509694
-5553.08202666  -363.72647832  3867.74607098	 3.24804722 -5.59851792  4.12013681
-5549.83044289  -369.32473114  3871.86369196	 3.25514997 -5.59804897  4.1151714 
-5546.5717585   -374.92251143  3875.97634491	 3.26224855 -5.59757287  4.11020071
-5543.30597768  -380.51981202  3880.08402456	 3.26934295 -5.5970896   4.10522474
-5540.03310459  -386.11662576  3884.18672563	 3.27643316 -5.59659917  4.10024352
-5536.75301134  -391.71317063  3888.28460763	 3.28351946 -5.59610157  4.09525684
-5533.46596604  -397.30898915  3892.37733558	 3.29060127 -5.59559682  4.0902651 
-5530.1718411   -402.90429934  3896.4650692 	 3.29767886 -5.59508491  4.08526813
-5526.87064072  -408.49909403  3900.54780324	 3.30475223 -5.59456585  4.08026591
-5523.56236915  -414.09336607  3904.62553246	 3.31182136 -5.59403963  4.07525846
-5520.24703061  -419.6871083   3908.69825166	 3.31888626 -5.59350625  4.07024579
-5516.92462936  -425.28031357  3912.76595559	 3.32594689 -5.59296571  4.0652279 
-5513.59503555  -430.87319971  3916.82880239	 3.33300356 -5.592418    4.0602046 
-5510.25852136  -436.46530955  3920.88645996	 3.34005567 -5.59186316  4.05517629
-5506.91495725  -442.05686097  3924.93908664	 3.3471035  -5.59130116  4.05014278
-5503.56434751  -447.6478468   3928.98667724	 3.35414704 -5.59073201  4.04510408
-5500.20669643  -453.23825989  3933.02922657	 3.36118628 -5.5901557   4.04006019
-5496.8420083   -458.8280931   3937.06672944	 3.36822122 -5.58957225  4.03501113
-5493.47028744  -464.41733926  3941.09918067	 3.37525184 -5.58898164  4.02995689
-5490.09153818  -470.00599123  3945.12657511	 3.38227814 -5.58838388  4.02489748
-5486.70562847  -475.59426668  3949.14906931	 3.38930039 -5.58777895  4.01983271
-5483.31283509  -481.1817088   3953.16633446	 3.39631802 -5.5871669   4.01476299
-5479.91302631  -486.76853527  3957.17852733	 3.40333129 -5.5865477   4.00968812
-5476.5062065   -492.35473897  3961.18564278	 3.4103402  -5.58592135  4.00460811
-5473.09238     -497.94031273  3965.18767569	 3.41734475 -5.58528785  3.99952297
-5469.6715512   -503.52524941  3969.1846209 	 3.42434491 -5.58464721  3.9944327 
-5466.24372448  -509.10954187  3973.17647331	 3.43134069 -5.58399942  3.98933731
-5462.8087659   -514.6934076   3977.16338809	 3.43833236 -5.58334447  3.9842366 
-5459.36695623  -520.27639016  3981.14503933	 3.44531934 -5.58268239  3.97913099
-5455.91816185  -525.85870706  3985.12158243	 3.4523019  -5.58201318  3.97402027
-5452.46238716  -531.44035117  3989.09301228	 3.45928004 -5.58133682  3.96890446
-5448.9996366   -537.02131535  3993.0593238 	 3.46625375 -5.58065333  3.96378356
-5445.5299146   -542.60159245  3997.02051191	 3.47322302 -5.57996269  3.95865758
-5442.05322561  -548.18117534  4000.97657152	 3.48018784 -5.57926492  3.95352653
-5438.56943378  -553.76028131  4004.92765643	 3.48714849 -5.57855998  3.9483902 
-5435.07882389  -559.33845433  4008.87344363	 3.49410438 -5.57784793  3.94324901
-5431.58126039  -564.91591172  4012.81408715	 3.5010558  -5.57712875  3.93810277
-5428.07674777  -570.49264636  4016.74958193	 3.50800273 -5.57640243  3.93295149
-5424.56529052  -576.06865109  4020.67992291	 3.51494517 -5.57566898  3.92779516
-5421.04689313  -581.6439188   4024.60510508	 3.52188311 -5.57492839  3.92263379
-5417.52156011  -587.21844235  4028.52512338	 3.52881653 -5.57418068  3.91746739
-5413.98929598  -592.79221461  4032.43997281	 3.53574543 -5.57342583  3.91229598
-5410.44996273  -598.36545265  4036.34980552	 3.54267009 -5.57266382  3.90711934
-5406.90384968  -603.93770091  4040.25430192	 3.54958992 -5.57189471  3.9019379 
-5403.35081912  -609.50917648  4044.1536144 	 3.55650521 -5.57111848  3.89675145
-5399.79087561  -615.07987225  4048.04773797	 3.56341594 -5.57033511  3.89156002
-5396.22402369  -620.64978108  4051.93666762	 3.57032211 -5.56954463  3.88636359
-5392.65026795  -626.21889585  4055.82039838	 3.5772237  -5.56874701  3.88116218
-5389.06961295  -631.78720944  4059.69892527	 3.58412071 -5.56794228  3.8759558 
-5385.48191882  -637.3549387   4063.57239905	 3.59101341 -5.56713038  3.87074424
-5381.88747882  -642.92162852  4067.44050307	 3.59790123 -5.5663114   3.86552792
-5378.28615336  -648.48749579  4071.30338833	 3.60478444 -5.5654853   3.86030665
-5374.67794704  -654.05253339  4075.16104986	 3.61166303 -5.56465208  3.85508043
-5371.06286451  -659.6167342   4079.01348273	 3.61853699 -5.56381174  3.84984927
-5367.44091037  -665.18009109  4082.86068199	 3.62540632 -5.56296428  3.84461318
-5363.81208929  -670.74259697  4086.70264272	 3.63227101 -5.56210971  3.83937216
-5360.17640589  -676.3042447   4090.53936   	 3.63913104 -5.56124802  3.83412621
-5356.53371816  -681.86525089  4094.37098293	 3.64598669 -5.56037918  3.82887514
-5352.88432386  -687.42516096  4098.19719833	 3.65283738 -5.55950326  3.82361937
-5349.22808125  -692.98419155  4102.01815552	 3.6596834  -5.55862023  3.8183587 
-5345.56499502  -698.54233555  4105.83384963	 3.66652473 -5.55773009  3.81309314
-5341.89506986  -704.09958584  4109.64427575	 3.67336137 -5.55683284  3.80782269
-5338.21831047  -709.65593532  4113.44942901	 3.6801933  -5.55592848  3.80254736
-5334.53472156  -715.21137689  4117.24930452	 3.68702051 -5.55501702  3.79726715
-5330.84415924  -720.76612688  4121.04404998	 3.69384328 -5.55409841  3.79198187
-5327.14692518  -726.31973124  4124.83335518	 3.70066104 -5.55317273  3.78669193
hello