-5232.32481258  4130.52362031 -1271.82147042 -3.86751677 -3.11440164  5.83931494
-5236.18895611  4127.40660427 -1265.98138088 -3.8608337  -3.11967348  5.84093972
-5240.04641413  4124.28431839 -1260.13967032 -3.85414565 -3.12494137  5.84255703
-5243.89718169  4121.15676662 -1254.29634619 -3.84745265 -3.13020531  5.84416687
-5247.74140834  4118.02382677 -1248.45118079 -3.84075442 -3.13546548  5.8457693 
-5251.57877983  4114.88575491 -1242.60465191 -3.83405152 -3.14072148  5.84736418
-5255.40944602  4111.74242906 -1236.75653189 -3.82734369 -3.14597349  5.84895159
-5259.23340196  4108.59385322 -1230.90682822 -3.82063093 -3.15122152  5.85053152
-5263.05064274  4105.44003138 -1225.05554838 -3.81391325 -3.15646555  5.85210397
-5266.86116345  4102.28096752 -1219.20269985 -3.80719066 -3.16170559  5.85366894
